book_id,user_id,rating,timestamp
A30H2335OM7RD6,0002007770,5.0,1230422400
A21NVBFIEQWDSG,0002007770,5.0,1187049600
A2PWUIQG57O1AZ,0002007770,4.0,1182124800
A39650P2CZUUC9,0002007770,4.0,1236124800
A2F6N60Z96CAJI,0002007770,5.0,1149033600
AYT4FJYVCHYLE,0002007770,4.0,1159833600
A1BI8PUEHA5CHW,0002007770,4.0,1194048000
A2H44WVZS59KKT,0002007770,5.0,1157500800
A1T17LMQABMBN5,0002007770,4.0,1216425600
A39ABKRS1MKFTW,0002007770,5.0,1176854400
A1E2NA2F4RTQ9B,0002007770,4.0,1318723200
A2NHD7LUXVGTD3,0002007770,4.0,1217894400
A1K1JW1C5CUSUZ,0002007770,5.0,1193788800
AWFMGDUUGNGYW,0002007770,4.0,1309478400
A1CHM200OEN65X,0002007770,3.0,1305676800
A3PGGI7A6XCNF1,0002007770,5.0,1174867200
A3M174IC0VXOS2,0002007770,5.0,1149724800
A2PR6NXG0PA3KY,0002007770,2.0,1184544000
A1CNQTCRQ35IMM,0002007770,3.0,1217289600
A2E3GFHUDNPYDH,0002007770,4.0,1173312000
A1IOJE0W1NXOSE,0002007770,4.0,1165276800
A22B13EJTZKCTM,0002007770,5.0,1300665600
A11L3YX5WIDKJ,0002007770,5.0,1373760000
A3Q86MZSVUUAD8,0002007770,3.0,1301788800
APTVNT7U6RZC3,0002007770,5.0,1248566400
A2MF2QVSCUI27G,0002007770,5.0,1148515200
A370Z6I5GBWU44,0002007770,5.0,1233705600
A1KSGE7FCMX6SY,0002007770,2.0,1325548800
A3T0OTH5072YRE,0002007770,5.0,1270252800
AX54G5AL870Q8,0002007770,4.0,1210809600
A1RMHZSWZ7ZEQO,0002007770,4.0,1163635200
AS6SH2JM2YY3H,0002007770,3.0,1195689600
A1F3DFRPGVEUI8,0002007770,5.0,1229299200
A1N1YEMTI9DJ86,0002007770,5.0,1254268800
A2ZHH7AK83JB5G,0002007770,3.0,1164153600
A303U1MOXG5R1F,0002007770,5.0,1204761600
A1S3IN6CSTBPY6,0002007770,5.0,1153008000
A2VMT89TCSF105,0007124015,3.0,1172620800
A20EEWWSFMZ1PN,0007124015,5.0,984960000
A1X8VZWTOG8IS6,0007124015,5.0,1188691200
A20IIR0422G3A5,0007124015,5.0,1115769600
AYT4FJYVCHYLE,0007124015,5.0,1038182400
A11B61QBGHLQDN,0007124015,5.0,1077062400
A28WJUJF6D2ULA,0007124015,5.0,1157760000
A3GQKB1KF0CRPE,0007124015,5.0,1113436800
A1D2C0WDCSHUWZ,0007124015,5.0,1347926400
AQZH7YTWQPOBE,0007124015,5.0,1314748800
A1CHM200OEN65X,0007124015,5.0,956102400
A30KEXFT9SILL6,0007124015,4.0,1011484800
A1DA6E4FNRSAWN,0007124015,2.0,1107993600
A1G9FX1KV45N41,0007124015,5.0,1018224000
A3FHAMLNGHCFU7,0007124015,5.0,1052784000
A1E1LEVQ9VQNK,0007124015,5.0,1322697600
ABMX8XUNPR3LP,0007124015,2.0,1265241600
A2TUA4VWCMNXI,0007124015,5.0,1104624000
AKT8TGIT6VVZ5,0007124015,5.0,1074297600
AOKGRSAS5VNS3,0007124015,5.0,1272326400
A14OJS0VWMOSWO,0007124015,5.0,999993600
A3T0OTH5072YRE,0007124015,4.0,1298246400
A2F3M93RRLFQNJ,0007124015,5.0,1019433600
A37XGUQ1VH0XM6,0007124015,5.0,1008633600
A3QVAKVRAH657N,0007124015,5.0,975110400
A4FX5YCJA630V,0007124015,5.0,1093219200
A2EDZH51XHFA9B,0007124015,5.0,1383609600
A1N1YEMTI9DJ86,0007124015,5.0,1106784000
AFVZXHIUSXINA,0007124015,5.0,1091059200
A96K1ZGW56S2I,0007124015,5.0,1012003200
A2B8GXSCB1R05T,0007124015,5.0,1007942400
A1POFVVXUZR3IQ,0007124015,5.0,1388534400
A3MV1KKHX51FYT,0007136838,4.0,1146096000
A2S166WSCFIFP5,0007136838,4.0,1204934400
A1RAUVCWYHTQI4,0007136838,5.0,1046390400
A1X8VZWTOG8IS6,0007136838,4.0,1193788800
AISUSPFYY68RO,0007136838,5.0,1278115200
A28WJUJF6D2ULA,0007136838,5.0,1147046400
A1MC6BFHWY6WC3,0007136838,5.0,1350432000
A1K1JW1C5CUSUZ,0007136838,5.0,958953600
A3A6GXILVT9JNW,0007136838,5.0,1083542400
A2O9HU1K7TCF7B,0007136838,5.0,1172016000
A2AYSFGUP5VTY3,0007136838,5.0,1306713600
A3OJFPKMCXKOM0,0007136838,5.0,1144540800
A1IOJE0W1NXOSE,0007136838,5.0,1075334400
AN8C7BGR98HLN,0007136838,5.0,1275350400
AHUT55E980RDR,0007136838,5.0,1251158400
A4FX5YCJA630V,0007136838,5.0,1328745600
A3I8FT707XKQAJ,0007136838,5.0,1335312000
A21NVBFIEQWDSG,0007149824,4.0,1185321600
A2X29H96X7C3XJ,0007149824,4.0,1184976000
A2F6N60Z96CAJI,0007149824,5.0,1180483200
AYT4FJYVCHYLE,0007149824,4.0,1186704000
A3SOV9HFM5H9T1,0007149824,4.0,1294617600
A28WJUJF6D2ULA,0007149824,3.0,1226448000
A2B1GZIRD6W646,0007149824,5.0,1210723200
A2NHD7LUXVGTD3,0007149824,5.0,1182902400
A1K1JW1C5CUSUZ,0007149824,5.0,1182384000
A1CHM200OEN65X,0007149824,3.0,1201046400
A3PGGI7A6XCNF1,0007149824,4.0,1183334400
A30KEXFT9SILL6,0007149824,3.0,1266105600
AKB2PYODH0TKS,0007149824,5.0,1190419200
AFVQZQ8PW0L,0007149824,5.0,1178064000
ATK1PI2HWROER,0007149824,3.0,1260144000
AKT8TGIT6VVZ5,0007149824,5.0,1338422400
A1RY8R18NEO9AA,0007149824,4.0,1279411200
A2VG0RY3EUWZKB,0007149824,5.0,1187827200
A2GBJQ9THOYDAJ,0007149824,5.0,1201132800
A2F3M93RRLFQNJ,0007149824,5.0,1215907200
A2UIXU97JYCPZG,0007149824,3.0,1181433600
A8IPQ1Q1O7YX5,0007149824,5.0,1212278400
AHD101501WCN1,0007149824,3.0,1184889600
AITIU2DG1MM4A,0007149824,5.0,1281830400
A2C27IQUH9N1Z,0007167040,5.0,1081209600
A2HM0BZWQRV1EF,0007167040,5.0,1005436800
AYT4FJYVCHYLE,0007167040,5.0,1058313600
A2B1GZIRD6W646,0007167040,5.0,1089849600
A1K1JW1C5CUSUZ,0007167040,5.0,990489600
A13OFOB1394G31,0007167040,5.0,1019433600
A1ER5AYS3FQ9O3,0007167040,5.0,987638400
A14BTJRH9VNLJJ,0007167040,5.0,1359158400
A29NUB3P6YIWZG,0007167040,5.0,1064793600
A1MJMYLRTZ76ZX,0007167040,5.0,1060041600
A34UTL4AVX80MK,0007167040,5.0,1095206400
A3T0OTH5072YRE,0007167040,4.0,1348358400
AHUT55E980RDR,0007167040,5.0,1050019200
A2ODBHT4URXVXQ,0007167040,5.0,1058313600
A1XXJ6I7K2I7SI,0007167040,5.0,989712000
A2EDZH51XHFA9B,0007167040,5.0,987379200
A16QODENBJVUI1,0007167040,5.0,1069977600
AHD101501WCN1,0007167040,5.0,1105574400
A96K1ZGW56S2I,0007167040,5.0,1075939200
A39650P2CZUUC9,0007172826,5.0,1235520000
A1BI8PUEHA5CHW,0007172826,5.0,974160000
A1T17LMQABMBN5,0007172826,4.0,1079827200
A39ABKRS1MKFTW,0007172826,4.0,1183248000
A28WJUJF6D2ULA,0007172826,4.0,1128297600
ABN5K7K1TM1QA,0007172826,5.0,999648000
A1K1JW1C5CUSUZ,0007172826,4.0,1095984000
AC1K4OQOZ90RS,0007172826,5.0,964224000
A4R8GJX3UZ1I,0007172826,4.0,992044800
A1G9FX1KV45N41,0007172826,5.0,1369180800
A3A6GXILVT9JNW,0007172826,5.0,1174176000
A1IU7S4HCK1XK0,0007172826,5.0,984700800
A2YXRT2XIJIO57,0007172826,5.0,1303257600
A22B13EJTZKCTM,0007172826,4.0,1299628800
AN0XWUHSHRUG6,0007172826,4.0,1080864000
A2NJO6YE954DBH,0007172826,5.0,1080777600
A1L43KWWR05PCS,0007172826,5.0,1097366400
APTVNT7U6RZC3,0007172826,3.0,1237766400
A2MF2QVSCUI27G,0007172826,4.0,972172800
A319KYEIAZ3SON,0007172826,4.0,1127001600
A2ODBHT4URXVXQ,0007172826,5.0,1055376000
AX54G5AL870Q8,0007172826,5.0,1030924800
A2EDZH51XHFA9B,0007172826,4.0,991699200
AUM3YMZ0YRJE0,0007172826,3.0,1047340800
A2F3SXHT6RBV81,0007205236,3.0,1161993600
A2PWUIQG57O1AZ,0007205236,5.0,963532800
A39650P2CZUUC9,0007205236,5.0,1239408000
AC1K4OQOZ90RS,0007205236,4.0,937699200
A4H4KYSM2KQ85,0007205236,5.0,1084406400
A1G9FX1KV45N41,0007205236,5.0,1331424000
A3A6GXILVT9JNW,0007205236,5.0,1161907200
AKT8TGIT6VVZ5,0007205236,5.0,932342400
A2DSXA1E02C86D,0007205236,4.0,956793600
A29NUB3P6YIWZG,0007205236,3.0,948672000
A22RY8N8CNDF3A,0007205236,5.0,1254700800
A12A08OL0TZY0W,0007205236,5.0,1134950400
A14OJS0VWMOSWO,0007205236,5.0,954892800
A2ODBHT4URXVXQ,0007205236,5.0,1074988800
AX54G5AL870Q8,0007205236,5.0,977529600
AUM3YMZ0YRJE0,0007205236,4.0,989280000
AHD101501WCN1,0007205236,5.0,1175644800
A96K1ZGW56S2I,0007205236,5.0,984096000
A2X29H96X7C3XJ,0007230206,4.0,1260144000
A1G37DFO8MQW0M,0007230206,5.0,1257292800
A39ABKRS1MKFTW,0007230206,3.0,1351555200
A1E2NA2F4RTQ9B,0007230206,4.0,1313193600
A1K1JW1C5CUSUZ,0007230206,5.0,1272672000
A1RECBDKHVOJMW,0007230206,4.0,1258761600
A1DYMH30TSRONY,0007230206,5.0,1260144000
AUEY946M1L939,0007230206,4.0,1293062400
A3NLJZI5NEOT0K,0007230206,5.0,1270771200
A2MF2QVSCUI27G,0007230206,5.0,1283212800
A25KKXUQQ0OLWB,0007230206,5.0,1391212800
A2VG0RY3EUWZKB,0007230206,5.0,1257984000
A319KYEIAZ3SON,0007230206,5.0,1263772800
A3IJHV3XZZEED5,0007230206,4.0,1396396800
A14OJS0VWMOSWO,0007230206,5.0,1260576000
A2F540P3L6P5CL,0007230206,4.0,1256428800
A8IPQ1Q1O7YX5,0007230206,5.0,1257552000
A1N1YEMTI9DJ86,0007230206,4.0,1269302400
AKPKPMWM6IIU5,0007230206,4.0,1270684800
AITIU2DG1MM4A,0007230206,5.0,1356307200
A2G5IFYYHFIQNB,0007386648,5.0,1404345600
A2X29H96X7C3XJ,0007386648,4.0,1396051200
A2F6N60Z96CAJI,0007386648,5.0,1290384000
AYT4FJYVCHYLE,0007386648,5.0,1294099200
A2H44WVZS59KKT,0007386648,5.0,1317686400
A1G37DFO8MQW0M,0007386648,5.0,1316563200
A2B1GZIRD6W646,0007386648,5.0,1309219200
A1E2NA2F4RTQ9B,0007386648,5.0,1296950400
A3UW23DBF2KHWC,0007386648,5.0,1395964800
A1GARI2JT6EAWA,0007386648,5.0,1296432000
AC1K4OQOZ90RS,0007386648,5.0,1293321600
ATK1PI2HWROER,0007386648,5.0,1296864000
A9LAPV8XNKZVZ,0007386648,4.0,1332028800
A2E3GFHUDNPYDH,0007386648,5.0,1317513600
A22RY8N8CNDF3A,0007386648,5.0,1404691200
AOKGRSAS5VNS3,0007386648,5.0,1317513600
A13G1TKIKHGV3F,0007386648,5.0,1298764800
A3Z9QN0RCOHEY,0007386648,5.0,1293408000
A3U29LBT749HJ0,0007386648,4.0,1378598400
ACEOOCYZRPWF3,0007386648,5.0,1297468800
A1RMHZSWZ7ZEQO,0007386648,5.0,1294012800
AS6SH2JM2YY3H,0007386648,5.0,1321142400
AKPKPMWM6IIU5,0007386648,4.0,1305763200
A2S166WSCFIFP5,0020519001,5.0,1071100800
A1T17LMQABMBN5,0020519001,4.0,1255824000
A2B1GZIRD6W646,0020519001,4.0,1387929600
A1MC6BFHWY6WC3,0020519001,5.0,1144713600
A2NHD7LUXVGTD3,0020519001,5.0,1119916800
A1K1JW1C5CUSUZ,0020519001,5.0,980208000
A2SQJPUCZNHMZE,0020519001,5.0,1341964800
A2PR6NXG0PA3KY,0020519001,3.0,1224892800
A9I40WFF40R4,0020519001,5.0,1182384000
AKT8TGIT6VVZ5,0020519001,5.0,1099353600
A2YXRT2XIJIO57,0020519001,4.0,1247184000
A2AYSFGUP5VTY3,0020519001,4.0,1306713600
A2E3GFHUDNPYDH,0020519001,3.0,1388880000
A3OJFPKMCXKOM0,0020519001,5.0,1110240000
A3NLJZI5NEOT0K,0020519001,4.0,1141776000
A3QZCA4LTTVGAD,0020519001,5.0,1009324800
A2ODBHT4URXVXQ,0020519001,4.0,1055894400
AHD101501WCN1,0020519001,5.0,1105833600
A1N1YEMTI9DJ86,0020519001,5.0,1106438400
A2S166WSCFIFP5,0020519109,5.0,1079136000
A20EEWWSFMZ1PN,0020519109,3.0,1357603200
A1S3C5OFU508P3,0020519109,5.0,1215302400
A1E2NA2F4RTQ9B,0020519109,4.0,1313193600
ABN5K7K1TM1QA,0020519109,4.0,1162425600
A1K1JW1C5CUSUZ,0020519109,5.0,1095206400
A3H82LUT1EC655,0020519109,4.0,1108166400
A3M174IC0VXOS2,0020519109,5.0,1147824000
A1CNQTCRQ35IMM,0020519109,5.0,1339977600
A2O9HU1K7TCF7B,0020519109,4.0,1142035200
A2AYSFGUP5VTY3,0020519109,5.0,1306713600
A2E3GFHUDNPYDH,0020519109,4.0,1225584000
A3OJFPKMCXKOM0,0020519109,5.0,1111363200
A34UTL4AVX80MK,0020519109,5.0,1155686400
A3QZCA4LTTVGAD,0020519109,5.0,1001635200
A3QVAKVRAH657N,0020519109,5.0,970358400
A2UIXU97JYCPZG,0020519109,2.0,1097107200
A1RMHZSWZ7ZEQO,0020519109,5.0,1054080000
A27KTPDJQ0U7I6,0020519109,4.0,1392076800
A16QODENBJVUI1,0020519109,5.0,1069545600
AHD101501WCN1,0020519109,5.0,1098489600
A1N1YEMTI9DJ86,0020519109,5.0,1106438400
A2B8GXSCB1R05T,0020519109,5.0,1102204800
A2S166WSCFIFP5,0060098902,5.0,928022400
A1OB5L3WMHJAD9,0060098902,3.0,1322438400
A1T17LMQABMBN5,0060098902,5.0,1098403200
A1E2NA2F4RTQ9B,0060098902,5.0,1323302400
ABN5K7K1TM1QA,0060098902,5.0,1162598400
A2NHD7LUXVGTD3,0060098902,5.0,1150761600
A1K1JW1C5CUSUZ,0060098902,5.0,968544000
A3H82LUT1EC655,0060098902,5.0,1112227200
A3A6GXILVT9JNW,0060098902,5.0,1212451200
A2YXRT2XIJIO57,0060098902,5.0,1267574400
A2AYSFGUP5VTY3,0060098902,5.0,1307232000
A2E3GFHUDNPYDH,0060098902,5.0,1374710400
A3OJFPKMCXKOM0,0060098902,4.0,1181606400
A22B13EJTZKCTM,0060098902,4.0,1301097600
A3OL1AX1IODBYL,0060098902,5.0,1377302400
A14OJS0VWMOSWO,0060098902,5.0,1078531200
A2ODBHT4URXVXQ,0060098902,5.0,1091404800
A1OBNY1WB38LMI,0060098902,5.0,1297296000
A16QODENBJVUI1,0060098902,5.0,936144000
A21VR7M8O55EF6,0060098902,5.0,1378252800
A8IPQ1Q1O7YX5,0060098902,5.0,1376438400
A3I8FT707XKQAJ,0060098902,5.0,1343088000
AHD101501WCN1,0060098902,5.0,1098662400
A1N1YEMTI9DJ86,0060098902,5.0,1107648000
AMLA0B6EHD4OS,0060098902,4.0,1207612800
A96K1ZGW56S2I,0060098902,5.0,1053820800
A2S166WSCFIFP5,0060175400,5.0,1218326400
A2F3SXHT6RBV81,0060175400,3.0,1106092800
A39650P2CZUUC9,0060175400,5.0,1234915200
A1BI8PUEHA5CHW,0060175400,3.0,982713600
A17BTP1QHK2I3I,0060175400,4.0,1395705600
A1T17LMQABMBN5,0060175400,5.0,1079395200
A39ABKRS1MKFTW,0060175400,5.0,1096675200
A4R8GJX3UZ1I,0060175400,5.0,962582400
A1CHM200OEN65X,0060175400,4.0,965606400
A1IU7S4HCK1XK0,0060175400,4.0,986601600
A1RY8R18NEO9AA,0060175400,3.0,1276387200
A1IOJE0W1NXOSE,0060175400,5.0,978307200
A29NUB3P6YIWZG,0060175400,3.0,1004313600
A2MF2QVSCUI27G,0060175400,5.0,1011139200
A370Z6I5GBWU44,0060175400,5.0,1267056000
A3T0OTH5072YRE,0060175400,4.0,1360972800
A3Z9QN0RCOHEY,0060175400,4.0,1287532800
A2O5RT4RCC4NU2,0060175400,5.0,1080345600
A2ODBHT4URXVXQ,0060175400,5.0,1059004800
AX54G5AL870Q8,0060175400,5.0,969753600
AJDYDG7YZY9QL,0060175400,4.0,978825600
A1D5RCOILPC9LX,0060175400,5.0,1263168000
A1RAUVCWYHTQI4,0060175966,3.0,960854400
AXSH6O4OP5L4M,0060175966,5.0,1254614400
A2C27IQUH9N1Z,0060175966,4.0,983577600
A1MR1VMK999I6O,0060175966,5.0,950745600
A2PWUIQG57O1AZ,0060175966,2.0,949190400
A39ABKRS1MKFTW,0060175966,5.0,1140307200
A3KF4IP2MUS8QQ,0060175966,5.0,1022025600
A2B1GZIRD6W646,0060175966,5.0,1087257600
A3GQKB1KF0CRPE,0060175966,5.0,1035244800
A1K1JW1C5CUSUZ,0060175966,4.0,1186963200
AC1K4OQOZ90RS,0060175966,4.0,912816000
A30KEXFT9SILL6,0060175966,4.0,1223769600
AKB2PYODH0TKS,0060175966,4.0,1224633600
A2TUA4VWCMNXI,0060175966,5.0,1016496000
A2AYSFGUP5VTY3,0060175966,4.0,1324684800
A14BTJRH9VNLJJ,0060175966,4.0,1381881600
A2F3M93RRLFQNJ,0060175966,5.0,1022803200
A232HUAELH5J6V,0060175966,4.0,1306627200
A3QVAKVRAH657N,0060175966,4.0,975196800
AUM3YMZ0YRJE0,0060175966,4.0,989884800
AS6SH2JM2YY3H,0060175966,5.0,1341360000
AHD101501WCN1,0060175966,5.0,1305590400
AJDYDG7YZY9QL,0060175966,4.0,1029888000
AUTBHG6070SL4,0060175966,5.0,1097971200
A20EEWWSFMZ1PN,0060194995,5.0,1187308800
A39650P2CZUUC9,0060194995,5.0,1241049600
A1BI8PUEHA5CHW,0060194995,5.0,1006128000
A1T17LMQABMBN5,0060194995,5.0,964915200
A2B1GZIRD6W646,0060194995,5.0,1282953600
A1MC6BFHWY6WC3,0060194995,5.0,1121299200
A2NHD7LUXVGTD3,0060194995,4.0,1063756800
A1K1JW1C5CUSUZ,0060194995,5.0,1197936000
A2B9Y0WXNSN17U,0060194995,5.0,998265600
A38AAPXSJN4C5G,0060194995,5.0,1392422400
A3H82LUT1EC655,0060194995,3.0,993945600
A1CNQTCRQ35IMM,0060194995,5.0,1228694400
A1IU7S4HCK1XK0,0060194995,5.0,986342400
A2AYSFGUP5VTY3,0060194995,5.0,1308960000
A2E3GFHUDNPYDH,0060194995,5.0,1232150400
A3OJFPKMCXKOM0,0060194995,5.0,1260057600
A3OL1AX1IODBYL,0060194995,5.0,1283558400
A29NUB3P6YIWZG,0060194995,5.0,1014163200
AOKGRSAS5VNS3,0060194995,5.0,1259712000
A34UTL4AVX80MK,0060194995,5.0,1100822400
A370Z6I5GBWU44,0060194995,5.0,1295827200
A2F3M93RRLFQNJ,0060194995,5.0,1175904000
AN8C7BGR98HLN,0060194995,5.0,1188259200
A3U29LBT749HJ0,0060194995,5.0,1361664000
A232HUAELH5J6V,0060194995,5.0,1315008000
A303U1MOXG5R1F,0060194995,5.0,1203552000
A96K1ZGW56S2I,0060194995,5.0,1172620800
A2S166WSCFIFP5,0060254920,4.0,1071446400
AIEEK7AHXKZCC,0060254920,5.0,966470400
A1X8VZWTOG8IS6,0060254920,5.0,1188691200
A1BI8PUEHA5CHW,0060254920,5.0,1059091200
A28WJUJF6D2ULA,0060254920,5.0,1125014400
A1MC6BFHWY6WC3,0060254920,5.0,1333670400
A3UW23DBF2KHWC,0060254920,5.0,1388361600
A1K1JW1C5CUSUZ,0060254920,5.0,944956800
AMX0PJKV4PPNJ,0060254920,5.0,1084492800
A37BRR2L8PX3R2,0060254920,4.0,1334361600
A2I6MHMAZZDCRX,0060254920,3.0,1251936000
A3QVAKVRAH657N,0060254920,5.0,1022976000
A2ODBHT4URXVXQ,0060254920,5.0,1073001600
A2ZHH7AK83JB5G,0060254920,5.0,1163376000
A303U1MOXG5R1F,0060254920,4.0,1371600000
A2JP0URFHXP6DO,0060254920,5.0,1105660800
A6HXFDIC7DVTC,0060254920,4.0,1216771200
A1X8VZWTOG8IS6,0060277270,4.0,1188691200
A11B61QBGHLQDN,0060277270,5.0,1133913600
A1D2C0WDCSHUWZ,0060277270,4.0,1167868800
A38AAPXSJN4C5G,0060277270,5.0,1403308800
AMX0PJKV4PPNJ,0060277270,5.0,1127433600
A2VE83MZF98ITY,0060277270,5.0,1134777600
A1G9FX1KV45N41,0060277270,5.0,1150156800
A1T6PXM2M3N84A,0060277270,5.0,1107561600
A2KWQ64TRHB3YH,0060277270,5.0,1263859200
A3FHAMLNGHCFU7,0060277270,5.0,995068800
A2O9HU1K7TCF7B,0060277270,5.0,1133568000
A1IU7S4HCK1XK0,0060277270,5.0,1011398400
AOKGRSAS5VNS3,0060277270,5.0,1271030400
A2I6MHMAZZDCRX,0060277270,5.0,1043884800
A13G1TKIKHGV3F,0060277270,3.0,1402876800
A3T0OTH5072YRE,0060277270,5.0,1298764800
A37XGUQ1VH0XM6,0060277270,5.0,1014681600
A3QVAKVRAH657N,0060277270,5.0,970704000
A281NPSIMI1C2R,0060277270,5.0,973468800
A4FX5YCJA630V,0060277270,5.0,1148083200
A16QODENBJVUI1,0060277270,5.0,1123113600
A1OX82JPAQLL60,0060277270,5.0,1136505600
A126KX6FVI4T66,0060277270,5.0,1217808000
A1RAUVCWYHTQI4,0060516054,3.0,1219104000
AXSH6O4OP5L4M,0060516054,4.0,1056153600
A55MRYPUAX4QU,0060516054,4.0,1059868800
AUHG8KSHI529U,0060516054,5.0,1019174400
A2B1GZIRD6W646,0060516054,4.0,1055894400
ABN5K7K1TM1QA,0060516054,5.0,1099612800
A36K2N527TXXJN,0060516054,4.0,1242172800
A3EQQP0LD4Z375,0060516054,5.0,1055548800
A1GARI2JT6EAWA,0060516054,3.0,1163808000
A3PGGI7A6XCNF1,0060516054,5.0,1044921600
A1G9FX1KV45N41,0060516054,4.0,1276905600
A2PR6NXG0PA3KY,0060516054,1.0,1021939200
A3RFXU3P0XKKF4,0060516054,5.0,1181952000
AU7ND6NOCX9IA,0060516054,5.0,1103155200
A133ZC2Z8MAIED,0060516054,4.0,1059004800
A14BTJRH9VNLJJ,0060516054,4.0,1396569600
APTVNT7U6RZC3,0060516054,5.0,1271808000
A13G1TKIKHGV3F,0060516054,4.0,1361232000
A1XXJ6I7K2I7SI,0060516054,5.0,1015200000
A1S8AJIUIO6M9K,0060516054,5.0,1015718400
A2Z4KA3EFQWZOX,0060516054,2.0,1063411200
AHD101501WCN1,0060516054,5.0,1145836800
AXSH6O4OP5L4M,0060530677,3.0,1052179200
A2CW9IQAPFEYLM,0060530677,4.0,1136073600
A2F6N60Z96CAJI,0060530677,5.0,1049500800
A2B1GZIRD6W646,0060530677,4.0,1151798400
A1K1JW1C5CUSUZ,0060530677,2.0,1080259200
A2B9Y0WXNSN17U,0060530677,4.0,1111795200
A13OFOB1394G31,0060530677,5.0,1059696000
AQZH7YTWQPOBE,0060530677,4.0,1153526400
A1CHM200OEN65X,0060530677,5.0,1054252800
A3PGGI7A6XCNF1,0060530677,4.0,1053302400
ATK1PI2HWROER,0060530677,5.0,1291939200
A2TUA4VWCMNXI,0060530677,5.0,1053216000
A222LQEPE7O7BV,0060530677,4.0,1113955200
AKT8TGIT6VVZ5,0060530677,5.0,1052092800
A2DSXA1E02C86D,0060530677,4.0,1063670400
AQ3540NJNST0C,0060530677,4.0,1166054400
A1MJMYLRTZ76ZX,0060530677,5.0,1058918400
A2O5RT4RCC4NU2,0060530677,4.0,1355270400
A232HUAELH5J6V,0060530677,3.0,1307059200
A16QODENBJVUI1,0060530677,4.0,1270857600
A2Z4KA3EFQWZOX,0060530677,3.0,1070323200
AJDYDG7YZY9QL,0060530677,4.0,1064188800
AQQLWCMRNDFGI,0060530677,5.0,1167004800
AITIU2DG1MM4A,0060530677,5.0,1073174400
A2C27IQUH9N1Z,0060530928,5.0,1239580800
A2NHD7LUXVGTD3,0060530928,5.0,1235779200
A1D2C0WDCSHUWZ,0060530928,5.0,1293840000
AMX0PJKV4PPNJ,0060530928,5.0,1222992000
A1CHM200OEN65X,0060530928,4.0,1238976000
A2HVL790PBWYTU,0060530928,5.0,1222819200
A2O9HU1K7TCF7B,0060530928,5.0,1357344000
A9LAPV8XNKZVZ,0060530928,4.0,1250812800
A2E3GFHUDNPYDH,0060530928,3.0,1235260800
A4SKIA2A7IDRX,0060530928,5.0,1396828800
A22B13EJTZKCTM,0060530928,5.0,1228262400
AOKGRSAS5VNS3,0060530928,4.0,1255219200
A25KKXUQQ0OLWB,0060530928,5.0,1324771200
A17U562HOY2OQV,0060530928,5.0,1369526400
A2AIE9DO5QSVBD,0060530928,4.0,1324252800
A16QODENBJVUI1,0060530928,5.0,1241654400
AFVZXHIUSXINA,0060530928,5.0,1226966400
A2TX179XAT5GRP,0060530928,5.0,1232582400
A1POFVVXUZR3IQ,0060530928,5.0,1286496000
A1RAUVCWYHTQI4,0060558121,2.0,1065657600
A55MRYPUAX4QU,0060558121,4.0,1059436800
A1X8VZWTOG8IS6,0060558121,3.0,1186358400
AYT4FJYVCHYLE,0060558121,4.0,1352678400
A2NHD7LUXVGTD3,0060558121,5.0,1214870400
A2B9Y0WXNSN17U,0060558121,4.0,1029974400
A13OFOB1394G31,0060558121,5.0,1104969600
A3PGGI7A6XCNF1,0060558121,5.0,1036540800
A30KEXFT9SILL6,0060558121,5.0,1019779200
AFVQZQ8PW0L,0060558121,5.0,992908800
ABMX8XUNPR3LP,0060558121,4.0,1287792000
A9LAPV8XNKZVZ,0060558121,4.0,999993600
A2NJO6YE954DBH,0060558121,4.0,1001980800
A1M4NJYP0WNL8Q,0060558121,5.0,996710400
A370Z6I5GBWU44,0060558121,4.0,1232755200
A2GBJQ9THOYDAJ,0060558121,5.0,1203379200
A3IJHV3XZZEED5,0060558121,4.0,1336003200
A2F3M93RRLFQNJ,0060558121,4.0,1023148800
A2UIXU97JYCPZG,0060558121,2.0,1130284800
A2EDZH51XHFA9B,0060558121,5.0,1042416000
A16QODENBJVUI1,0060558121,5.0,1208649600
AJDYDG7YZY9QL,0060558121,5.0,1013472000
AITIU2DG1MM4A,0060558121,4.0,998956800
A1D5RCOILPC9LX,0060558121,5.0,1236643200
A3H8NJ5PJNLFD5,0060572965,4.0,1111968000
A19UT0OPQCDR8,0060572965,4.0,1314144000
A1I2O9Y3X3HXLS,0060572965,5.0,1161734400
A1X8VZWTOG8IS6,0060572965,4.0,1188086400
A1T17LMQABMBN5,0060572965,4.0,1097280000
AFVQZQ8PW0L,0060572965,5.0,1083024000
A1CTXKA2C7BSC8,0060572965,5.0,1160784000
A1RECBDKHVOJMW,0060572965,3.0,1120348800
A1CNQTCRQ35IMM,0060572965,3.0,1360022400
ABMX8XUNPR3LP,0060572965,4.0,1274313600
ABUY5XK1R4YYZ,0060572965,4.0,1296259200
A1KYJA5YM1479G,0060572965,4.0,1361664000
AD9HAE7DPTQDG,0060572965,5.0,1368144000
A11L3YX5WIDKJ,0060572965,4.0,1373760000
A1M4NJYP0WNL8Q,0060572965,4.0,1089158400
A1U360OMVQRPUB,0060572965,5.0,1196380800
A2GBJQ9THOYDAJ,0060572965,4.0,1109635200
A3NIQK6ZLYEP1L,0060572965,5.0,1208995200
A3T0OTH5072YRE,0060572965,4.0,1355097600
A3U29LBT749HJ0,0060572965,2.0,1119830400
A126YLPKFPNQDS,0060572965,5.0,1096416000
A1JKGTL51HHTU1,0060572965,4.0,1347235200
A3H8NJ5PJNLFD5,0060572973,5.0,1112572800
A1I2O9Y3X3HXLS,0060572973,5.0,1183507200
A1X8VZWTOG8IS6,0060572973,3.0,1188086400
A25HWUX0L2DCFM,0060572973,4.0,1334793600
A1T17LMQABMBN5,0060572973,5.0,1108425600
A1CTXKA2C7BSC8,0060572973,5.0,1169769600
A1CNQTCRQ35IMM,0060572973,2.0,1360022400
ABMX8XUNPR3LP,0060572973,4.0,1384732800
ABUY5XK1R4YYZ,0060572973,4.0,1296345600
A1KYJA5YM1479G,0060572973,4.0,1361664000
AD9HAE7DPTQDG,0060572973,5.0,1368230400
A11L3YX5WIDKJ,0060572973,4.0,1373760000
A14BTJRH9VNLJJ,0060572973,3.0,1389052800
A1M4NJYP0WNL8Q,0060572973,4.0,1112745600
A2GBJQ9THOYDAJ,0060572973,4.0,1115769600
A3NIQK6ZLYEP1L,0060572973,5.0,1209254400
A126YLPKFPNQDS,0060572973,4.0,1107907200
A1JKGTL51HHTU1,0060572973,4.0,1347580800
AYT4FJYVCHYLE,0060584750,5.0,985996800
A39ABKRS1MKFTW,0060584750,5.0,1083628800
A2B1GZIRD6W646,0060584750,4.0,1054771200
AC1K4OQOZ90RS,0060584750,5.0,1065398400
A4R8GJX3UZ1I,0060584750,5.0,1074643200
A3PGGI7A6XCNF1,0060584750,5.0,982627200
AFVQZQ8PW0L,0060584750,5.0,980553600
ATK1PI2HWROER,0060584750,5.0,1327363200
A1RECBDKHVOJMW,0060584750,5.0,1115078400
A1CNQTCRQ35IMM,0060584750,3.0,1373241600
A1DYMH30TSRONY,0060584750,4.0,1222387200
A9LAPV8XNKZVZ,0060584750,4.0,981849600
A3VMCKYN22X0CO,0060584750,4.0,982454400
A29NUB3P6YIWZG,0060584750,5.0,1071446400
A2VG0RY3EUWZKB,0060584750,5.0,989971200
A2F3M93RRLFQNJ,0060584750,5.0,1028764800
AHUT55E980RDR,0060584750,4.0,1054771200
A2ODBHT4URXVXQ,0060584750,5.0,1073001600
A2EDZH51XHFA9B,0060584750,4.0,994636800
A126KX6FVI4T66,0060584750,3.0,1237507200
A1N1YEMTI9DJ86,0060584750,5.0,1346803200
A3MV1KKHX51FYT,006073132X,3.0,1118102400
A2ICKSJ6T7WIBO,006073132X,4.0,1136505600
A55MRYPUAX4QU,006073132X,5.0,1120348800
A2HM0BZWQRV1EF,006073132X,5.0,1123632000
A2CW9IQAPFEYLM,006073132X,5.0,1122422400
A2F6N60Z96CAJI,006073132X,3.0,1116201600
AUHG8KSHI529U,006073132X,4.0,1114992000
A1K1JW1C5CUSUZ,006073132X,5.0,1120435200
A2B9Y0WXNSN17U,006073132X,3.0,1128643200
A2RQ0AT4XZUIXL,006073132X,5.0,1114646400
A24505CR98NLLV,006073132X,5.0,1116720000
AC1K4OQOZ90RS,006073132X,4.0,1149379200
A1DYMH30TSRONY,006073132X,4.0,1143763200
A680RUE1FDO8B,006073132X,5.0,1130716800
A1M8PP7MLHNBQB,006073132X,5.0,1116460800
A22RY8N8CNDF3A,006073132X,4.0,1137456000
A12A08OL0TZY0W,006073132X,5.0,1148083200
A3T0OTH5072YRE,006073132X,4.0,1380758400
A2F3M93RRLFQNJ,006073132X,5.0,1163462400
AQ6AGWKWMTY8H,006073132X,4.0,1140998400
A1RMHZSWZ7ZEQO,006073132X,5.0,1136764800
A2EDZH51XHFA9B,006073132X,4.0,1143072000
A1S8AJIUIO6M9K,006073132X,4.0,1116806400
A1NATT3PN24QWY,006073132X,5.0,1263772800
AS6SH2JM2YY3H,006073132X,4.0,1168819200
A16IITISD2LAX0,006073132X,4.0,1122595200
A2Z4KA3EFQWZOX,006073132X,5.0,1117152000
AHD101501WCN1,006073132X,4.0,1119225600
A11I1I9QLMAM1A,006073132X,5.0,1114905600
AKPKPMWM6IIU5,006073132X,3.0,1259107200
AITIU2DG1MM4A,006073132X,5.0,1142121600
A2PWUIQG57O1AZ,0060742887,4.0,1127260800
A2CR57GAJKNWVV,0060742887,4.0,1118880000
A1K1JW1C5CUSUZ,0060742887,5.0,1122595200
A2RQ0AT4XZUIXL,0060742887,5.0,1118880000
A1GARI2JT6EAWA,0060742887,4.0,1181865600
AC1K4OQOZ90RS,0060742887,3.0,1119225600
A3BH49ZKESHDID,0060742887,5.0,1117843200
A3M174IC0VXOS2,0060742887,5.0,1118620800
AFVQZQ8PW0L,0060742887,5.0,1117584000
A1RECBDKHVOJMW,0060742887,4.0,1127692800
A1M8PP7MLHNBQB,0060742887,5.0,1118275200
A1IOJE0W1NXOSE,0060742887,4.0,1172448000
AN0XWUHSHRUG6,0060742887,5.0,1117843200
A3NLJZI5NEOT0K,0060742887,3.0,1298937600
A2MF2QVSCUI27G,0060742887,3.0,1117756800
AX54G5AL870Q8,0060742887,3.0,1118620800
A3OJAWIMUKNHTP,0060742887,5.0,1147219200
A3R19YKNL641X3,0060742887,4.0,1116201600
A2JP0URFHXP6DO,0060742887,5.0,1117756800
AAR8E3JF9K93P,0060742887,3.0,1118275200
A1MR1VMK999I6O,0060817089,5.0,1138752000
A2F6N60Z96CAJI,0060817089,5.0,1130457600
AYT4FJYVCHYLE,0060817089,3.0,1155081600
A1BI8PUEHA5CHW,0060817089,5.0,1209772800
A2E3F04ZK7FG66,0060817089,5.0,1152489600
A39ABKRS1MKFTW,0060817089,5.0,1141776000
A1E2NA2F4RTQ9B,0060817089,4.0,1331683200
A1K1JW1C5CUSUZ,0060817089,5.0,1155254400
A1DYMH30TSRONY,0060817089,3.0,1162166400
A18OBUSMXVE8R0,0060817089,5.0,1168992000
A1IOJE0W1NXOSE,0060817089,5.0,1151625600
A1ER5AYS3FQ9O3,0060817089,5.0,1139529600
A29NUB3P6YIWZG,0060817089,4.0,1239753600
A22RY8N8CNDF3A,0060817089,3.0,1136073600
A3IJHV3XZZEED5,0060817089,5.0,1266451200
A3T0OTH5072YRE,0060817089,3.0,1363305600
A3Z9QN0RCOHEY,0060817089,5.0,1220486400
AX54G5AL870Q8,0060817089,4.0,1160784000
A1XXJ6I7K2I7SI,0060817089,5.0,1135900800
A1RMHZSWZ7ZEQO,0060817089,1.0,1145232000
A303U1MOXG5R1F,0060817089,5.0,1260144000
A1S3IN6CSTBPY6,0060817089,5.0,1152748800
A1D5RCOILPC9LX,0060817089,5.0,1232409600
A1MR1VMK999I6O,0060838582,5.0,999043200
A39650P2CZUUC9,0060838582,5.0,1234224000
AYT4FJYVCHYLE,0060838582,4.0,1022630400
A1BI8PUEHA5CHW,0060838582,5.0,1134086400
A1T17LMQABMBN5,0060838582,5.0,1089936000
A1TCDS9S2NIVPB,0060838582,5.0,1112313600
A2B1GZIRD6W646,0060838582,4.0,1111881600
A2NHD7LUXVGTD3,0060838582,5.0,1156982400
A1K1JW1C5CUSUZ,0060838582,5.0,986860800
A2B9Y0WXNSN17U,0060838582,3.0,1017014400
A24505CR98NLLV,0060838582,5.0,1082592000
A4R8GJX3UZ1I,0060838582,5.0,990403200
A4H4KYSM2KQ85,0060838582,5.0,1034035200
A30KEXFT9SILL6,0060838582,4.0,1096675200
A3RFXU3P0XKKF4,0060838582,4.0,1241568000
A2O9HU1K7TCF7B,0060838582,5.0,1189900800
A222LQEPE7O7BV,0060838582,4.0,1018915200
A2DSXA1E02C86D,0060838582,5.0,1041984000
A2AYSFGUP5VTY3,0060838582,4.0,1307232000
A133ZC2Z8MAIED,0060838582,5.0,1363996800
A29NUB3P6YIWZG,0060838582,4.0,1024790400
A22RY8N8CNDF3A,0060838582,4.0,1135814400
A3T0OTH5072YRE,0060838582,4.0,1364515200
A3QVAKVRAH657N,0060838582,4.0,980121600
A2ODBHT4URXVXQ,0060838582,4.0,1074556800
A1XXJ6I7K2I7SI,0060838582,5.0,986774400
A1RMHZSWZ7ZEQO,0060838582,4.0,1078272000
A1S8AJIUIO6M9K,0060838582,5.0,1057449600
AUM3YMZ0YRJE0,0060838582,5.0,1121126400
A26JGAM6GZMM4V,0060838582,5.0,1009670400
AHD101501WCN1,0060838582,5.0,1119312000
A2OJW07GQRNJUT,0060838582,5.0,1357171200
A14R9XMZVJ6INB,0060838728,4.0,1216425600
AYT4FJYVCHYLE,0060838728,4.0,1032220800
A1T17LMQABMBN5,0060838728,5.0,1067126400
AC1K4OQOZ90RS,0060838728,4.0,1043452800
A4R8GJX3UZ1I,0060838728,4.0,1044489600
A2PR6NXG0PA3KY,0060838728,4.0,1323561600
A328S9RN3U5M68,0060838728,4.0,1037836800
A3FHAMLNGHCFU7,0060838728,4.0,1263859200
A1LKSZ9CYJ6829,0060838728,4.0,1301529600
AKT8TGIT6VVZ5,0060838728,5.0,1085356800
A2E3GFHUDNPYDH,0060838728,3.0,1180051200
A2MF2QVSCUI27G,0060838728,4.0,1028419200
AOKGRSAS5VNS3,0060838728,5.0,1262217600
A34UTL4AVX80MK,0060838728,5.0,1059955200
A3Z9QN0RCOHEY,0060838728,4.0,1316908800
A2ODBHT4URXVXQ,0060838728,5.0,1074124800
AX54G5AL870Q8,0060838728,5.0,1076889600
A2EDZH51XHFA9B,0060838728,2.0,1049414400
A36TDC5SGAN0EP,0060838728,5.0,1355443200
A1N1YEMTI9DJ86,0060838728,5.0,1296777600
A3MV1KKHX51FYT,0060850523,3.0,1191369600
A20EEWWSFMZ1PN,0060850523,5.0,1352332800
A1G37DFO8MQW0M,0060850523,5.0,1313712000
A1CHM200OEN65X,0060850523,5.0,1270252800
A1G9FX1KV45N41,0060850523,3.0,1082419200
A3RFXU3P0XKKF4,0060850523,5.0,1206835200
A3FHAMLNGHCFU7,0060850523,4.0,988848000
A2O9HU1K7TCF7B,0060850523,5.0,1299110400
A1IU7S4HCK1XK0,0060850523,5.0,1050364800
A2E3GFHUDNPYDH,0060850523,4.0,1209254400
A22B13EJTZKCTM,0060850523,4.0,1279152000
A1L43KWWR05PCS,0060850523,4.0,1292457600
A34UTL4AVX80MK,0060850523,5.0,1252108800
A3QZCA4LTTVGAD,0060850523,5.0,1005177600
A2F3M93RRLFQNJ,0060850523,5.0,1332633600
A21VR7M8O55EF6,0060850523,4.0,1112400000
A1N1YEMTI9DJ86,0060850523,5.0,1104883200
A3EX36SNRYD5VL,0060850523,4.0,958521600
A2L7N2U5Z316ZE,0060850523,5.0,1227744000
A3MV1KKHX51FYT,0060872985,5.0,1171929600
A2F6N60Z96CAJI,0060872985,5.0,1166054400
A1GARI2JT6EAWA,0060872985,5.0,1330128000
AC1K4OQOZ90RS,0060872985,3.0,1164672000
A1CHM200OEN65X,0060872985,4.0,1169251200
A3UV7L5ND3EH8T,0060872985,5.0,1168214400
ABMX8XUNPR3LP,0060872985,3.0,1399593600
A680RUE1FDO8B,0060872985,5.0,1165968000
A2RPIGO3G4M6GN,0060872985,2.0,1191542400
A2E3GFHUDNPYDH,0060872985,2.0,1172707200
A3VMCKYN22X0CO,0060872985,4.0,1166054400
A29NUB3P6YIWZG,0060872985,4.0,1232150400
A370Z6I5GBWU44,0060872985,3.0,1261958400
A2F3M93RRLFQNJ,0060872985,2.0,1202601600
A2O5RT4RCC4NU2,0060872985,5.0,1232236800
A126KX6FVI4T66,0060872985,3.0,1214784000
ANEDXRFDZDL18,0060872985,3.0,1165795200
A3R19YKNL641X3,0060872985,3.0,1201392000
A2FSWI7Q6MZ9PX,0060872985,4.0,1339545600
A1BI8PUEHA5CHW,006092988X,5.0,1004140800
A1G37DFO8MQW0M,006092988X,5.0,1139443200
A1T17LMQABMBN5,006092988X,5.0,1090108800
A1I6U5AQAT3ZG9,006092988X,5.0,1396137600
A4R8GJX3UZ1I,006092988X,5.0,1033430400
A37BRR2L8PX3R2,006092988X,4.0,1349049600
A1IU7S4HCK1XK0,006092988X,4.0,1024617600
A2AYSFGUP5VTY3,006092988X,5.0,1307577600
A2E3GFHUDNPYDH,006092988X,4.0,1403827200
A1IOJE0W1NXOSE,006092988X,5.0,1168041600
A1L43KWWR05PCS,006092988X,5.0,1180396800
A29NUB3P6YIWZG,006092988X,5.0,980380800
A370Z6I5GBWU44,006092988X,5.0,1223942400
A2GBJQ9THOYDAJ,006092988X,5.0,1295481600
A2F3M93RRLFQNJ,006092988X,5.0,1177200000
A1N1YEMTI9DJ86,006092988X,5.0,1342483200
A1D5RCOILPC9LX,006092988X,5.0,1236038400
A1POFVVXUZR3IQ,006092988X,5.0,1376006400
A2S166WSCFIFP5,0060987103,4.0,1071446400
A30H2335OM7RD6,0060987103,4.0,1165276800
AYT4FJYVCHYLE,0060987103,4.0,994291200
A1BI8PUEHA5CHW,0060987103,4.0,1220313600
A1HA6KZZNDCME9,0060987103,5.0,1137456000
A13OFOB1394G31,0060987103,2.0,1214956800
A30KEXFT9SILL6,0060987103,4.0,1074384000
A3A6GXILVT9JNW,0060987103,1.0,1349049600
A1RY8R18NEO9AA,0060987103,3.0,1294963200
A14BTJRH9VNLJJ,0060987103,1.0,1388620800
AN8C7BGR98HLN,0060987103,1.0,1276387200
A3U29LBT749HJ0,0060987103,2.0,1102464000
A17U562HOY2OQV,0060987103,5.0,1210118400
A2AIE9DO5QSVBD,0060987103,4.0,1331164800
AS6SH2JM2YY3H,0060987103,3.0,1168646400
A3R19YKNL641X3,0060987103,4.0,1192924800
AUTBHG6070SL4,0060987103,4.0,1105142400
A30H2335OM7RD6,0061009059,5.0,999648000
A2C27IQUH9N1Z,0061009059,4.0,1090972800
A55MRYPUAX4QU,0061009059,5.0,1079568000
A18FUHNBP90IB4,0061009059,5.0,1121558400
A1T17LMQABMBN5,0061009059,3.0,1098057600
A39ABKRS1MKFTW,0061009059,5.0,1082246400
A3UW23DBF2KHWC,0061009059,4.0,1381449600
A3BFDEBT5IV4UN,0061009059,5.0,1375574400
A1K1JW1C5CUSUZ,0061009059,5.0,966211200
A1GARI2JT6EAWA,0061009059,5.0,1108166400
A3H82LUT1EC655,0061009059,4.0,1036454400
A3BH49ZKESHDID,0061009059,4.0,1104019200
AFVQZQ8PW0L,0061009059,5.0,1324166400
A1RECBDKHVOJMW,0061009059,5.0,1053907200
A1CNQTCRQ35IMM,0061009059,5.0,1176508800
ABMX8XUNPR3LP,0061009059,4.0,1257292800
A2DSXA1E02C86D,0061009059,5.0,1059091200
A1IOJE0W1NXOSE,0061009059,5.0,1006646400
A3OL1AX1IODBYL,0061009059,5.0,1326585600
A29NUB3P6YIWZG,0061009059,4.0,1006214400
A22RY8N8CNDF3A,0061009059,4.0,1376265600
A2I6MHMAZZDCRX,0061009059,5.0,1030060800
A126YLPKFPNQDS,0061009059,5.0,1015632000
AX54G5AL870Q8,0061009059,4.0,1067299200
A3KCMEJTRQHNAP,0061009059,5.0,958262400
A1N1YEMTI9DJ86,0061009059,5.0,1058918400
A2PWUIQG57O1AZ,0061015725,3.0,1112745600
A2HM0BZWQRV1EF,0061015725,2.0,1059955200
A1X8VZWTOG8IS6,0061015725,3.0,1193788800
A2F6N60Z96CAJI,0061015725,5.0,1039219200
A3EQQP0LD4Z375,0061015725,3.0,1040342400
A1GARI2JT6EAWA,0061015725,5.0,1219190400
AC1K4OQOZ90RS,0061015725,4.0,1038614400
A1CHM200OEN65X,0061015725,4.0,1038787200
A30KEXFT9SILL6,0061015725,2.0,1064707200
AFVQZQ8PW0L,0061015725,4.0,1040774400
A2VV2MISGXFY1O,0061015725,2.0,1355788800
A3A6GXILVT9JNW,0061015725,4.0,1175644800
ABMX8XUNPR3LP,0061015725,4.0,1256256000
A9LAPV8XNKZVZ,0061015725,3.0,1039046400
A2RPIGO3G4M6GN,0061015725,3.0,1062633600
A3GKPMHV4U64IY,0061015725,4.0,1070841600
A2F6SZLKG0TOJ7,0061015725,2.0,1073260800
A2NJO6YE954DBH,0061015725,3.0,1049155200
A29NUB3P6YIWZG,0061015725,4.0,1082851200
A2VG0RY3EUWZKB,0061015725,4.0,1041811200
A34UTL4AVX80MK,0061015725,4.0,1133222400
A2F3M93RRLFQNJ,0061015725,3.0,1069372800
A2O5RT4RCC4NU2,0061015725,5.0,1103328000
ANEDXRFDZDL18,0061015725,5.0,1108944000
AJDYDG7YZY9QL,0061015725,4.0,1085011200
A1DLVUJFANNU1Q,0061015725,2.0,1286928000
A2O5RT4RCC4NU2,0061015733,4.0,1135987200
A2RPIGO3G4M6GN,0061015733,4.0,1138147200
A1GARI2JT6EAWA,0061015733,3.0,1153958400
A2F6N60Z96CAJI,0061015733,5.0,1106352000
AYT4FJYVCHYLE,0061015733,4.0,1110412800
AUHG8KSHI529U,0061015733,4.0,1104019200
A1K1JW1C5CUSUZ,0061015733,4.0,1102550400
A1CHM200OEN65X,0061015733,4.0,1105747200
A3A6GXILVT9JNW,0061015733,4.0,1151625600
A1DYMH30TSRONY,0061015733,5.0,1153785600
ABMX8XUNPR3LP,0061015733,5.0,1256428800
A680RUE1FDO8B,0061015733,5.0,1108857600
A14BTJRH9VNLJJ,0061015733,5.0,1402272000
A2MF2QVSCUI27G,0061015733,3.0,1103673600
A1S8AJIUIO6M9K,0061015733,5.0,1165190400
A3R19YKNL641X3,0061015733,5.0,1105747200
A1S60W4KWFX1Y9,0061015733,4.0,1242259200
A1RAUVCWYHTQI4,0061122416,2.0,1014336000
A2HM0BZWQRV1EF,0061122416,5.0,1083024000
A1BI8PUEHA5CHW,0061122416,4.0,1216944000
A2QZVW56O4WSBT,0061122416,4.0,1369094400
A1T17LMQABMBN5,0061122416,4.0,1247616000
A2NHD7LUXVGTD3,0061122416,5.0,1296086400
A38AAPXSJN4C5G,0061122416,5.0,1278115200
A2O9HU1K7TCF7B,0061122416,5.0,1141257600
A2YXRT2XIJIO57,0061122416,2.0,1307664000
A2RPIGO3G4M6GN,0061122416,2.0,1053043200
A29NUB3P6YIWZG,0061122416,4.0,995241600
APTVNT7U6RZC3,0061122416,3.0,1288742400
A12A08OL0TZY0W,0061122416,1.0,1124323200
AOKGRSAS5VNS3,0061122416,3.0,1256428800
A3T0OTH5072YRE,0061122416,3.0,1360627200
AHD101501WCN1,0061122416,3.0,1312329600
AITIU2DG1MM4A,0061122416,3.0,1203206400
A2OCDK0BOW6UCY,0061133973,4.0,1267228800
A2C27IQUH9N1Z,0061133973,5.0,1310860800
A2X29H96X7C3XJ,0061133973,5.0,1268438400
A39650P2CZUUC9,0061133973,5.0,1274659200
A2F6N60Z96CAJI,0061133973,5.0,1275609600
A1K1JW1C5CUSUZ,0061133973,5.0,1266796800
AC1K4OQOZ90RS,0061133973,4.0,1269043200
A3PGGI7A6XCNF1,0061133973,5.0,1273017600
AKB2PYODH0TKS,0061133973,4.0,1246752000
AFVQZQ8PW0L,0061133973,5.0,1268352000
A29NUB3P6YIWZG,0061133973,4.0,1362009600
A319KYEIAZ3SON,0061133973,5.0,1268092800
A2F3M93RRLFQNJ,0061133973,4.0,1342224000
AHUT55E980RDR,0061133973,5.0,1271894400
ACEOOCYZRPWF3,0061133973,3.0,1404604800
A232HUAELH5J6V,0061133973,3.0,1308182400
A3QVAKVRAH657N,0061133973,4.0,1267574400
A2UIXU97JYCPZG,0061133973,4.0,1252108800
A2SY92ZXU2FOEU,0061133973,4.0,1269820800
AKPKPMWM6IIU5,0061133973,3.0,1345507200
A1XRQ6YJ7HXQFQ,0061133973,5.0,1273622400
A1POFVVXUZR3IQ,0061133973,4.0,1312848000
A1I2O9Y3X3HXLS,0061138061,5.0,1306454400
A2XNOB1T796Y6B,0061138061,5.0,1298332800
A3BFDEBT5IV4UN,0061138061,5.0,1298332800
A1D2C0WDCSHUWZ,0061138061,5.0,1298332800
AFVQZQ8PW0L,0061138061,5.0,1298505600
A1CNQTCRQ35IMM,0061138061,1.0,1360022400
ABUY5XK1R4YYZ,0061138061,5.0,1298332800
A1KYJA5YM1479G,0061138061,4.0,1361664000
AD9HAE7DPTQDG,0061138061,5.0,1368835200
A22B13EJTZKCTM,0061138061,5.0,1298332800
A11L3YX5WIDKJ,0061138061,5.0,1373760000
A6XR7Y415RPD0,0061138061,4.0,1356652800
A1DW5IH6QCOFQ7,0061138061,4.0,1300579200
A2GBJQ9THOYDAJ,0061138061,4.0,1304899200
A126YLPKFPNQDS,0061138061,5.0,1303948800
A17U562HOY2OQV,0061138061,5.0,1325116800
A2G09684ZOK8X2,0061138061,5.0,1306108800
A1K4S4MWXI9E9M,0061138061,5.0,1333756800
AXSH6O4OP5L4M,0061146307,5.0,1088294400
AYT4FJYVCHYLE,0061146307,5.0,987465600
A2NHD7LUXVGTD3,0061146307,5.0,1118707200
A1D2C0WDCSHUWZ,0061146307,5.0,964828800
AMX0PJKV4PPNJ,0061146307,5.0,1078617600
A3H82LUT1EC655,0061146307,4.0,1073088000
A1OYW08VVPMP3Q,0061146307,4.0,1244332800
ABMX8XUNPR3LP,0061146307,2.0,1271376000
A2O9HU1K7TCF7B,0061146307,5.0,1322784000
A2RPIGO3G4M6GN,0061146307,3.0,1313971200
A2NJO6YE954DBH,0061146307,5.0,1046044800
A2I6MHMAZZDCRX,0061146307,4.0,1084406400
A2GBJQ9THOYDAJ,0061146307,5.0,1019692800
A2EDZH51XHFA9B,0061146307,4.0,1091404800
A303U1MOXG5R1F,0061146307,5.0,1297641600
A2TX179XAT5GRP,0061146307,4.0,1127865600
A96K1ZGW56S2I,0061146307,5.0,1099267200
AUTBHG6070SL4,0061146307,3.0,1096156800
A2S166WSCFIFP5,0061147931,5.0,1187308800
A21NVBFIEQWDSG,0061147931,5.0,1174262400
A2F6N60Z96CAJI,0061147931,5.0,1180396800
AYT4FJYVCHYLE,0061147931,4.0,1177459200
A1CHM200OEN65X,0061147931,4.0,1194480000
A3PGGI7A6XCNF1,0061147931,5.0,1179878400
A30KEXFT9SILL6,0061147931,4.0,1229731200
AFVQZQ8PW0L,0061147931,5.0,1171670400
A2HVL790PBWYTU,0061147931,5.0,1171324800
A2VV2MISGXFY1O,0061147931,3.0,1357689600
ATK1PI2HWROER,0061147931,4.0,1259712000
A1CNQTCRQ35IMM,0061147931,3.0,1379376000
A9LAPV8XNKZVZ,0061147931,5.0,1178582400
A1ER5AYS3FQ9O3,0061147931,4.0,1208217600
A3NLJZI5NEOT0K,0061147931,5.0,1206057600
A2SI6BNK5SWSMD,0061147931,4.0,1175904000
A2VG0RY3EUWZKB,0061147931,5.0,1172793600
A1U360OMVQRPUB,0061147931,4.0,1181174400
A3T0OTH5072YRE,0061147931,4.0,1282262400
A186ZAYP2L4CDZ,0061147931,2.0,1294358400
A3U29LBT749HJ0,0061147931,4.0,1369958400
A2EDZH51XHFA9B,0061147931,4.0,1202774400
AS6SH2JM2YY3H,0061147931,4.0,1171843200
A36TDC5SGAN0EP,0061147931,4.0,1268179200
A1D5RCOILPC9LX,0061147931,3.0,1232064000
A3H8NJ5PJNLFD5,0061245089,5.0,1198108800
A1JLU5H1CCENWX,0061245089,5.0,1389225600
A2XNOB1T796Y6B,0061245089,5.0,1345852800
A1HA6KZZNDCME9,0061245089,5.0,1194307200
A2BZCHIDR5FTYA,0061245089,5.0,1210809600
AFVQZQ8PW0L,0061245089,5.0,1193529600
A1CNQTCRQ35IMM,0061245089,3.0,1287100800
ABMX8XUNPR3LP,0061245089,5.0,1314835200
ABUY5XK1R4YYZ,0061245089,5.0,1297987200
A1KYJA5YM1479G,0061245089,5.0,1391126400
A1AKQ1YUS4BT82,0061245089,4.0,1197158400
A22B13EJTZKCTM,0061245089,5.0,1311811200
A11L3YX5WIDKJ,0061245089,4.0,1373673600
A1DW5IH6QCOFQ7,0061245089,4.0,1205884800
A320TMDV6KCFU,0061245089,5.0,1200441600
A126YLPKFPNQDS,0061245089,3.0,1223942400
A17U562HOY2OQV,0061245089,4.0,1218240000
A1K4S4MWXI9E9M,0061245089,5.0,1337299200
A2E9HDZXQORZLA,0061245089,4.0,1315094400
A1HA6KZZNDCME9,0061245097,5.0,1211587200
A2BZCHIDR5FTYA,0061245097,5.0,1211328000
AFVQZQ8PW0L,0061245097,5.0,1209859200
A1CTXKA2C7BSC8,0061245097,5.0,1211328000
A33I4RCFITFXG5,0061245097,5.0,1213920000
A1CNQTCRQ35IMM,0061245097,3.0,1288051200
ABUY5XK1R4YYZ,0061245097,5.0,1298073600
A1KYJA5YM1479G,0061245097,5.0,1391212800
A1AKQ1YUS4BT82,0061245097,4.0,1209427200
A22B13EJTZKCTM,0061245097,5.0,1313020800
A11L3YX5WIDKJ,0061245097,4.0,1373673600
A3NIQK6ZLYEP1L,0061245097,5.0,1218672000
A3B48AN8JID1JK,0061245097,5.0,1391904000
A126YLPKFPNQDS,0061245097,3.0,1223942400
A17U562HOY2OQV,0061245097,4.0,1232323200
A1K4S4MWXI9E9M,0061245097,5.0,1337299200
A2E9HDZXQORZLA,0061245097,4.0,1315094400
A2F6N60Z96CAJI,0061340634,5.0,1193702400
AYT4FJYVCHYLE,0061340634,3.0,1198108800
A1S3C5OFU508P3,0061340634,5.0,1190592000
A1FDV3WPOHREY9,0061340634,5.0,1191456000
A11B61QBGHLQDN,0061340634,4.0,1191196800
A1K1JW1C5CUSUZ,0061340634,5.0,1191542400
A328S9RN3U5M68,0061340634,5.0,1192320000
A9I40WFF40R4,0061340634,4.0,1191024000
A1DYMH30TSRONY,0061340634,2.0,1206057600
A1LKSZ9CYJ6829,0061340634,3.0,1218412800
A2E3GFHUDNPYDH,0061340634,4.0,1191974400
A1IOJE0W1NXOSE,0061340634,4.0,1192320000
A1ER5AYS3FQ9O3,0061340634,4.0,1188432000
A3NLJZI5NEOT0K,0061340634,3.0,1316304000
AX54G5AL870Q8,0061340634,3.0,1191542400
A1RMHZSWZ7ZEQO,0061340634,4.0,1191456000
A8IPQ1Q1O7YX5,0061340634,5.0,1219190400
AS6SH2JM2YY3H,0061340634,3.0,1191369600
A1F3DFRPGVEUI8,0061340634,4.0,1321401600
A2ZHH7AK83JB5G,0061340634,4.0,1202083200
A14R9XMZVJ6INB,0061537934,5.0,1225152000
A2F6N60Z96CAJI,0061537934,5.0,1211241600
AYT4FJYVCHYLE,0061537934,4.0,1232150400
A1BI8PUEHA5CHW,0061537934,5.0,1284422400
A27R2V3WLS43LP,0061537934,4.0,1269993600
A2RQ0AT4XZUIXL,0061537934,5.0,1219968000
AFVQZQ8PW0L,0061537934,4.0,1244592000
A2VV2MISGXFY1O,0061537934,3.0,1354924800
A2KWQ64TRHB3YH,0061537934,5.0,1271116800
A2E3GFHUDNPYDH,0061537934,3.0,1216339200
APTVNT7U6RZC3,0061537934,4.0,1395100800
A3Z9QN0RCOHEY,0061537934,5.0,1219104000
A2AIE9DO5QSVBD,0061537934,3.0,1326499200
A1RMHZSWZ7ZEQO,0061537934,5.0,1287360000
AS6SH2JM2YY3H,0061537934,5.0,1271548800
A1F3DFRPGVEUI8,0061537934,3.0,1248825600
A20HMA36ESANHC,0061537934,5.0,1348012800
A1N1YEMTI9DJ86,0061537934,5.0,1354147200
A1D5RCOILPC9LX,0061537934,3.0,1290902400
A2F6N60Z96CAJI,0061558222,5.0,1286150400
AYT4FJYVCHYLE,0061558222,4.0,1284336000
A27R2V3WLS43LP,0061558222,4.0,1285113600
A2H44WVZS59KKT,0061558222,4.0,1324598400
A2XNOB1T796Y6B,0061558222,3.0,1363824000
A1HA6KZZNDCME9,0061558222,5.0,1284508800
A1D2C0WDCSHUWZ,0061558222,4.0,1285027200
AFVQZQ8PW0L,0061558222,5.0,1285027200
A2HVL790PBWYTU,0061558222,4.0,1282694400
A9LAPV8XNKZVZ,0061558222,3.0,1284076800
A2TSTJP0B3A3H5,0061558222,3.0,1321056000
A1ER5AYS3FQ9O3,0061558222,4.0,1285459200
A3LF914GG87TWP,0061558222,5.0,1283731200
A16QODENBJVUI1,0061558222,5.0,1324684800
A2G09684ZOK8X2,0061558222,5.0,1332460800
A2L7N2U5Z316ZE,0061558222,5.0,1295395200
A1D5RCOILPC9LX,0061558222,5.0,1341273600
A2F6N60Z96CAJI,0061558230,5.0,1244505600
AYT4FJYVCHYLE,0061558230,4.0,1246147200
A27R2V3WLS43LP,0061558230,5.0,1243468800
A2H44WVZS59KKT,0061558230,4.0,1324598400
A2XNOB1T796Y6B,0061558230,4.0,1361836800
A1D2C0WDCSHUWZ,0061558230,5.0,1244764800
AFVQZQ8PW0L,0061558230,5.0,1244246400
A2HVL790PBWYTU,0061558230,5.0,1243814400
A3A6GXILVT9JNW,0061558230,4.0,1249516800
A9LAPV8XNKZVZ,0061558230,2.0,1243728000
A2TSTJP0B3A3H5,0061558230,4.0,1320537600
A3LF914GG87TWP,0061558230,5.0,1245196800
AHUT55E980RDR,0061558230,5.0,1274313600
A2EDZH51XHFA9B,0061558230,4.0,1243814400
A16QODENBJVUI1,0061558230,5.0,1323907200
AS6SH2JM2YY3H,0061558230,3.0,1280275200
A2G09684ZOK8X2,0061558230,5.0,1332288000
A1D5RCOILPC9LX,0061558230,5.0,1256601600
A2F6N60Z96CAJI,0061703257,5.0,1050624000
A2CR57GAJKNWVV,0061703257,5.0,1069459200
AYT4FJYVCHYLE,0061703257,5.0,1051142400
A27R2V3WLS43LP,0061703257,4.0,1260230400
A2XNOB1T796Y6B,0061703257,4.0,1264550400
A11B61QBGHLQDN,0061703257,4.0,1146960000
A2B1GZIRD6W646,0061703257,4.0,1086048000
A36K2N527TXXJN,0061703257,5.0,1285459200
AC1K4OQOZ90RS,0061703257,4.0,1263772800
A4R8GJX3UZ1I,0061703257,5.0,1077840000
A3PGGI7A6XCNF1,0061703257,5.0,1052956800
AFVQZQ8PW0L,0061703257,5.0,1050451200
A1RECBDKHVOJMW,0061703257,4.0,1064620800
A1DYMH30TSRONY,0061703257,5.0,1293408000
A1LKSZ9CYJ6829,0061703257,3.0,1204243200
A9LAPV8XNKZVZ,0061703257,3.0,1057363200
A2AYSFGUP5VTY3,0061703257,5.0,1322697600
A2F6SZLKG0TOJ7,0061703257,1.0,1054252800
A1L43KWWR05PCS,0061703257,4.0,1291248000
A29NUB3P6YIWZG,0061703257,4.0,1129334400
A3NLJZI5NEOT0K,0061703257,5.0,1123027200
A2MF2QVSCUI27G,0061703257,4.0,1072828800
A319KYEIAZ3SON,0061703257,4.0,1053907200
A2GBJQ9THOYDAJ,0061703257,4.0,1289865600
A3Z9QN0RCOHEY,0061703257,4.0,1264464000
AN8C7BGR98HLN,0061703257,3.0,1186876800
A2ODBHT4URXVXQ,0061703257,5.0,1051488000
A2EDZH51XHFA9B,0061703257,4.0,1078099200
A3I8FT707XKQAJ,0061703257,5.0,1274054400
A36TDC5SGAN0EP,0061703257,4.0,1274918400
A3R19YKNL641X3,0061703257,5.0,1091318400
A96K1ZGW56S2I,0061703257,5.0,1266624000
A1D5RCOILPC9LX,0061703257,4.0,1258329600
A4SKIA2A7IDRX,0061727660,5.0,1405296000
AXSH6O4OP5L4M,0061727660,5.0,1287878400
A2F6N60Z96CAJI,0061727660,5.0,1275609600
A2MF4TISBBQT5A,0061727660,4.0,1269302400
A2B1GZIRD6W646,0061727660,5.0,1309392000
A2RQ0AT4XZUIXL,0061727660,5.0,1267747200
AC1K4OQOZ90RS,0061727660,4.0,1269302400
AKB2PYODH0TKS,0061727660,5.0,1267315200
AFVQZQ8PW0L,0061727660,5.0,1269561600
A3A6GXILVT9JNW,0061727660,5.0,1269216000
ANH8VL45X2L1S,0061727660,5.0,1267315200
A13QTZ8CIMHHG4,0061727660,5.0,1271376000
A3NLJZI5NEOT0K,0061727660,4.0,1278547200
AN8C7BGR98HLN,0061727660,4.0,1267660800
A2O5RT4RCC4NU2,0061727660,5.0,1362096000
A232HUAELH5J6V,0061727660,5.0,1331596800
A8IPQ1Q1O7YX5,0061727660,4.0,1322092800
A23MAG8UKFL0QW,0061727660,5.0,1274054400
A1XRQ6YJ7HXQFQ,0061727660,4.0,1274832000
AYT4FJYVCHYLE,0061733636,4.0,1268179200
A1S3C5OFU508P3,0061733636,5.0,1266537600
A1G37DFO8MQW0M,0061733636,5.0,1328572800
A2ZY49IDE6TY5I,0061733636,4.0,1267920000
A3TI1WDAEOTD0I,0061733636,5.0,1277942400
AWFMGDUUGNGYW,0061733636,4.0,1313193600
AQZH7YTWQPOBE,0061733636,4.0,1269993600
A3PGGI7A6XCNF1,0061733636,4.0,1263686400
A3RFXU3P0XKKF4,0061733636,5.0,1263427200
A1RECBDKHVOJMW,0061733636,4.0,1266105600
A680RUE1FDO8B,0061733636,3.0,1268438400
A2TUA4VWCMNXI,0061733636,4.0,1263945600
A2TSTJP0B3A3H5,0061733636,4.0,1269129600
A2AYSFGUP5VTY3,0061733636,3.0,1308960000
A3OJFPKMCXKOM0,0061733636,4.0,1343520000
A22RY8N8CNDF3A,0061733636,4.0,1263168000
A3I8FT707XKQAJ,0061733636,5.0,1274140800
A1F3DFRPGVEUI8,0061733636,4.0,1265846400
AKPKPMWM6IIU5,0061733636,3.0,1268352000
AITIU2DG1MM4A,0061733636,4.0,1271548800
A39650P2CZUUC9,0061836923,3.0,1286323200
A2F6N60Z96CAJI,0061836923,4.0,1289260800
AYT4FJYVCHYLE,0061836923,4.0,1285804800
A24H4WUFUDPTAA,0061836923,4.0,1294012800
A2B1GZIRD6W646,0061836923,4.0,1303171200
A1K1JW1C5CUSUZ,0061836923,3.0,1294704000
AC1K4OQOZ90RS,0061836923,5.0,1294876800
A3PGGI7A6XCNF1,0061836923,5.0,1286236800
AKB2PYODH0TKS,0061836923,2.0,1285891200
AFVQZQ8PW0L,0061836923,5.0,1289088000
A1LKSZ9CYJ6829,0061836923,2.0,1335744000
A9LAPV8XNKZVZ,0061836923,4.0,1288915200
A2AYSFGUP5VTY3,0061836923,1.0,1306713600
A3VMCKYN22X0CO,0061836923,4.0,1292976000
A29NUB3P6YIWZG,0061836923,3.0,1358294400
A2SI6BNK5SWSMD,0061836923,3.0,1294185600
A2MF2QVSCUI27G,0061836923,4.0,1288742400
AOKGRSAS5VNS3,0061836923,4.0,1289174400
A2VG0RY3EUWZKB,0061836923,5.0,1290470400
A2GBJQ9THOYDAJ,0061836923,3.0,1346889600
A14OJS0VWMOSWO,0061836923,5.0,1298160000
A2F3M93RRLFQNJ,0061836923,5.0,1290988800
A3Z9QN0RCOHEY,0061836923,4.0,1288828800
A232HUAELH5J6V,0061836923,3.0,1306800000
A3I8FT707XKQAJ,0061836923,4.0,1297296000
A1F3DFRPGVEUI8,0061836923,4.0,1289174400
AKPKPMWM6IIU5,0061836923,3.0,1292025600
A1XRQ6YJ7HXQFQ,0061836923,3.0,1299542400
A1I2O9Y3X3HXLS,0061957895,5.0,1336953600
A2XNOB1T796Y6B,0061957895,5.0,1330214400
A3U7ELIED4WP4R,0061957895,5.0,1331856000
A1HA6KZZNDCME9,0061957895,5.0,1357430400
A3BFDEBT5IV4UN,0061957895,3.0,1322956800
A1D2C0WDCSHUWZ,0061957895,5.0,1324512000
AFVQZQ8PW0L,0061957895,5.0,1322352000
ABUY5XK1R4YYZ,0061957895,4.0,1329782400
A1KYJA5YM1479G,0061957895,4.0,1361664000
AD9HAE7DPTQDG,0061957895,5.0,1368921600
A22B13EJTZKCTM,0061957895,4.0,1330905600
A11L3YX5WIDKJ,0061957895,5.0,1373760000
A6XR7Y415RPD0,0061957895,4.0,1356825600
A3LF914GG87TWP,0061957895,5.0,1327276800
A1DW5IH6QCOFQ7,0061957895,4.0,1325289600
A2GBJQ9THOYDAJ,0061957895,3.0,1340150400
A126YLPKFPNQDS,0061957895,5.0,1326844800
A17U562HOY2OQV,0061957895,4.0,1365465600
A1K4S4MWXI9E9M,0061957895,3.0,1353369600
A1I2O9Y3X3HXLS,0061957917,5.0,1365465600
A2CR57GAJKNWVV,0061957917,4.0,1366070400
AR9RKLQQC2L6K,0061957917,5.0,1372982400
ANSX922QNYA67,0061957917,3.0,1394841600
A1HA6KZZNDCME9,0061957917,3.0,1371600000
A18JHVX925K101,0061957917,5.0,1359331200
AFVQZQ8PW0L,0061957917,5.0,1358812800
ABUY5XK1R4YYZ,0061957917,5.0,1359417600
A1KYJA5YM1479G,0061957917,5.0,1383350400
A4SKIA2A7IDRX,0061957917,4.0,1362528000
AD9HAE7DPTQDG,0061957917,5.0,1369008000
A22B13EJTZKCTM,0061957917,5.0,1360454400
A11L3YX5WIDKJ,0061957917,4.0,1373760000
A6XR7Y415RPD0,0061957917,5.0,1358380800
A1DW5IH6QCOFQ7,0061957917,5.0,1356134400
A2GBJQ9THOYDAJ,0061957917,4.0,1375574400
A126YLPKFPNQDS,0061957917,5.0,1370822400
A1K4S4MWXI9E9M,0061957917,5.0,1358899200
A1JKGTL51HHTU1,0061957917,5.0,1359417600
A3TAF7M58DN46F,0061957917,5.0,1355270400
A1X8VZWTOG8IS6,0062008110,2.0,1188777600
A1BI8PUEHA5CHW,0062008110,5.0,984355200
A2QZVW56O4WSBT,0062008110,5.0,1310169600
A1G37DFO8MQW0M,0062008110,5.0,1209081600
A1T17LMQABMBN5,0062008110,5.0,960854400
A28WJUJF6D2ULA,0062008110,5.0,1126742400
A1K1JW1C5CUSUZ,0062008110,4.0,1161734400
A1D2C0WDCSHUWZ,0062008110,5.0,1229558400
A3M174IC0VXOS2,0062008110,5.0,1120003200
A1G9FX1KV45N41,0062008110,5.0,1029715200
A1RECBDKHVOJMW,0062008110,5.0,1141171200
A1CNQTCRQ35IMM,0062008110,5.0,1199318400
A1DYMH30TSRONY,0062008110,5.0,1220572800
ABMX8XUNPR3LP,0062008110,4.0,1258761600
A1IU7S4HCK1XK0,0062008110,5.0,1003622400
A2AYSFGUP5VTY3,0062008110,5.0,1307577600
A29NUB3P6YIWZG,0062008110,4.0,953769600
A370Z6I5GBWU44,0062008110,4.0,1295913600
A14OJS0VWMOSWO,0062008110,5.0,1134000000
A2F540P3L6P5CL,0062008110,5.0,1175126400
AN8C7BGR98HLN,0062008110,2.0,1237680000
AHUT55E980RDR,0062008110,4.0,1049414400
A4FX5YCJA630V,0062008110,5.0,1124582400
A1N1YEMTI9DJ86,0062008110,5.0,1105401600
A2ZHH7AK83JB5G,0062008110,5.0,1163721600
A96K1ZGW56S2I,0062008110,4.0,1005696000
A1POFVVXUZR3IQ,0062008110,5.0,1378339200
A2X29H96X7C3XJ,0062015664,4.0,1320969600
A2F6N60Z96CAJI,0062015664,5.0,1326067200
A2CR57GAJKNWVV,0062015664,4.0,1322524800
A11B61QBGHLQDN,0062015664,4.0,1323388800
A3R9X003XW0LNR,0062015664,4.0,1327536000
AC1K4OQOZ90RS,0062015664,4.0,1320451200
A3M174IC0VXOS2,0062015664,5.0,1328140800
A391VTDTFIM6X3,0062015664,4.0,1321660800
AFVQZQ8PW0L,0062015664,5.0,1327276800
ANH8VL45X2L1S,0062015664,5.0,1320364800
A4SKIA2A7IDRX,0062015664,5.0,1328486400
A3ICDLUQ3V2QY2,0062015664,4.0,1320969600
A2SI6BNK5SWSMD,0062015664,4.0,1336003200
A3NPRWXTO85BJ0,0062015664,5.0,1329264000
AHUT55E980RDR,0062015664,5.0,1326067200
A8N3FYDA2VUYY,0062015664,5.0,1325548800
AKPKPMWM6IIU5,0062015664,4.0,1342396800
A1XRQ6YJ7HXQFQ,0062015664,5.0,1323734400
A1X4L7AO1BXMHK,0062024027,4.0,1316995200
A3U29LBT749HJ0,0062024027,4.0,1390089600
A17U562HOY2OQV,0062024027,3.0,1307577600
A2TSTJP0B3A3H5,0062024027,5.0,1313539200
A2TBZAC0XYHLIB,0062024027,5.0,1306540800
A2CR57GAJKNWVV,0062024027,5.0,1307232000
AISUSPFYY68RO,0062024027,4.0,1311465600
A1E2NA2F4RTQ9B,0062024027,4.0,1324512000
A3UW23DBF2KHWC,0062024027,4.0,1393977600
ABMX8XUNPR3LP,0062024027,5.0,1304899200
A1IU7S4HCK1XK0,0062024027,5.0,1396224000
A22B13EJTZKCTM,0062024027,5.0,1302912000
A3PATLW8T3PQV7,0062024027,5.0,1318032000
AQ6AGWKWMTY8H,0062024027,4.0,1336003200
A3BSM1MMD6QHIP,0062024027,5.0,1307318400
A24ZMNWTW8AQUR,0062024027,5.0,1304380800
A11I1I9QLMAM1A,0062024027,5.0,1301443200
AFVZXHIUSXINA,0062024027,5.0,1307491200
A2TX179XAT5GRP,0062024027,5.0,1307923200
A2X29H96X7C3XJ,0062037676,2.0,1305504000
A11B61QBGHLQDN,0062037676,4.0,1304035200
A1GARI2JT6EAWA,0062037676,4.0,1304726400
A1I6U5AQAT3ZG9,0062037676,3.0,1346198400
A3PGGI7A6XCNF1,0062037676,3.0,1305504000
A391VTDTFIM6X3,0062037676,5.0,1304553600
AFVQZQ8PW0L,0062037676,4.0,1312848000
A2KWQ64TRHB3YH,0062037676,5.0,1304380800
A3A6GXILVT9JNW,0062037676,3.0,1346284800
A9LAPV8XNKZVZ,0062037676,2.0,1304726400
A2F3M93RRLFQNJ,0062037676,4.0,1306108800
AN8C7BGR98HLN,0062037676,5.0,1305331200
AHUT55E980RDR,0062037676,3.0,1304294400
A8N3FYDA2VUYY,0062037676,5.0,1315267200
A1RMHZSWZ7ZEQO,0062037676,2.0,1304467200
A1F3DFRPGVEUI8,0062037676,4.0,1306281600
A2XXQJBK2IDMGI,0062037676,5.0,1374969600
A39650P2CZUUC9,0062049801,4.0,1305849600
A2F6N60Z96CAJI,0062049801,5.0,1308096000
AYT4FJYVCHYLE,0062049801,5.0,1312243200
A2H44WVZS59KKT,0062049801,5.0,1317686400
A11B61QBGHLQDN,0062049801,3.0,1306368000
A39ABKRS1MKFTW,0062049801,3.0,1312761600
AC1K4OQOZ90RS,0062049801,5.0,1307664000
A3M174IC0VXOS2,0062049801,5.0,1309132800
A1LKSZ9CYJ6829,0062049801,5.0,1302480000
A2E3GFHUDNPYDH,0062049801,5.0,1370736000
APTVNT7U6RZC3,0062049801,4.0,1331164800
AOKGRSAS5VNS3,0062049801,5.0,1308182400
A2VG0RY3EUWZKB,0062049801,5.0,1308960000
A319KYEIAZ3SON,0062049801,4.0,1307404800
A3Z9QN0RCOHEY,0062049801,4.0,1311465600
A8IPQ1Q1O7YX5,0062049801,5.0,1301961600
A1F3DFRPGVEUI8,0062049801,5.0,1333324800
A36TDC5SGAN0EP,0062049801,4.0,1337040000
AKPKPMWM6IIU5,0062049801,4.0,1309132800
A23MAG8UKFL0QW,0062049801,5.0,1327104000
A1RAUVCWYHTQI4,0062060554,2.0,1377043200
A2F6N60Z96CAJI,0062060554,5.0,1308528000
A27R2V3WLS43LP,0062060554,5.0,1308873600
A2H44WVZS59KKT,0062060554,5.0,1321833600
A2QZVW56O4WSBT,0062060554,5.0,1356912000
A3UW23DBF2KHWC,0062060554,5.0,1382400000
AC1K4OQOZ90RS,0062060554,4.0,1302134400
A3PGGI7A6XCNF1,0062060554,5.0,1301961600
A3M174IC0VXOS2,0062060554,4.0,1308182400
AFVQZQ8PW0L,0062060554,5.0,1308268800
ATK1PI2HWROER,0062060554,5.0,1393804800
AIO247KHD2O40,0062060554,1.0,1327536000
A1LKSZ9CYJ6829,0062060554,4.0,1310860800
A2TSTJP0B3A3H5,0062060554,3.0,1310256000
A2AYSFGUP5VTY3,0062060554,3.0,1309305600
A11L3YX5WIDKJ,0062060554,3.0,1374019200
A3LF914GG87TWP,0062060554,5.0,1301443200
A3OL1AX1IODBYL,0062060554,4.0,1388966400
A2MF2QVSCUI27G,0062060554,4.0,1309564800
A324NNSMM9EFML,0062060554,5.0,1301788800
A2ZHH7AK83JB5G,0062060554,4.0,1302393600
A1XRQ6YJ7HXQFQ,0062060554,4.0,1319932800
A1D5RCOILPC9LX,0062060554,5.0,1307664000
A27R2V3WLS43LP,0062071246,2.0,1402358400
A3U7ELIED4WP4R,0062071246,4.0,1397001600
A1D2C0WDCSHUWZ,0062071246,4.0,1402012800
AFVQZQ8PW0L,0062071246,5.0,1396915200
ABMX8XUNPR3LP,0062071246,1.0,1399593600
A2TSTJP0B3A3H5,0062071246,4.0,1398384000
A4SKIA2A7IDRX,0062071246,3.0,1401235200
A22B13EJTZKCTM,0062071246,4.0,1397606400
A20XM6F911RIDE,0062071246,3.0,1396915200
A6XR7Y415RPD0,0062071246,4.0,1396396800
A3LF914GG87TWP,0062071246,5.0,1399248000
AX9C10JD538D9,0062071246,4.0,1400025600
A25KKXUQQ0OLWB,0062071246,3.0,1404604800
AHUT55E980RDR,0062071246,5.0,1403913600
A17U562HOY2OQV,0062071246,4.0,1399593600
AW4NFCPN81CS3,0062071246,3.0,1396915200
A2SY92ZXU2FOEU,0062071246,5.0,1403740800
A1D5RCOILPC9LX,0062071246,5.0,1402876800
AISUSPFYY68RO,0062128027,3.0,1359244800
A27R2V3WLS43LP,0062128027,5.0,1360972800
A3U7ELIED4WP4R,0062128027,4.0,1360195200
A2TSTJP0B3A3H5,0062128027,4.0,1361059200
A22B13EJTZKCTM,0062128027,4.0,1360108800
A6XR7Y415RPD0,0062128027,4.0,1365724800
A3LF914GG87TWP,0062128027,2.0,1366502400
AX9C10JD538D9,0062128027,5.0,1358294400
AOKGRSAS5VNS3,0062128027,4.0,1386979200
A2TBZAC0XYHLIB,0062128027,5.0,1358985600
A2X6WMYTYRE130,0062128027,5.0,1359504000
AHUT55E980RDR,0062128027,5.0,1365552000
A24ZMNWTW8AQUR,0062128027,4.0,1359590400
A11I1I9QLMAM1A,0062128027,3.0,1363737600
A2ZHH7AK83JB5G,0062128027,3.0,1367193600
A3TAF7M58DN46F,0062128027,5.0,1356652800
A1D5RCOILPC9LX,0062128027,4.0,1364256000
A8710RWTFG3IY,006222543X,4.0,1365292800
A19UT0OPQCDR8,006222543X,5.0,1370822400
A2OCDK0BOW6UCY,006222543X,4.0,1367280000
A2F6N60Z96CAJI,006222543X,5.0,1365465600
AYT4FJYVCHYLE,006222543X,4.0,1366070400
A2H44WVZS59KKT,006222543X,5.0,1365120000
A1I6U5AQAT3ZG9,006222543X,5.0,1367625600
AFVQZQ8PW0L,006222543X,5.0,1366243200
A2VV2MISGXFY1O,006222543X,5.0,1395964800
A3OL1AX1IODBYL,006222543X,5.0,1395705600
A3Z9QN0RCOHEY,006222543X,4.0,1368403200
A186ZAYP2L4CDZ,006222543X,5.0,1369958400
AHUT55E980RDR,006222543X,5.0,1366243200
A3PATLW8T3PQV7,006222543X,4.0,1366502400
A1F3DFRPGVEUI8,006222543X,3.0,1364860800
A2SY92ZXU2FOEU,006222543X,4.0,1368230400
A2ZHH7AK83JB5G,006222543X,4.0,1359244800
A1D5RCOILPC9LX,006222543X,4.0,1366243200
A1POFVVXUZR3IQ,006222543X,4.0,1365379200
A8710RWTFG3IY,0062255657,5.0,1371513600
A2F6N60Z96CAJI,0062255657,5.0,1372291200
A2XNOB1T796Y6B,0062255657,4.0,1372896000
A2NHD7LUXVGTD3,0062255657,5.0,1379980800
A1D2C0WDCSHUWZ,0062255657,5.0,1371513600
AFVQZQ8PW0L,0062255657,5.0,1402444800
ABMX8XUNPR3LP,0062255657,2.0,1374105600
A2E3GFHUDNPYDH,0062255657,4.0,1378944000
A4SKIA2A7IDRX,0062255657,5.0,1376006400
A22B13EJTZKCTM,0062255657,5.0,1372291200
AOKGRSAS5VNS3,0062255657,5.0,1371686400
A1U360OMVQRPUB,0062255657,5.0,1371772800
A8N3FYDA2VUYY,0062255657,4.0,1371686400
A4FX5YCJA630V,0062255657,4.0,1371513600
AS6SH2JM2YY3H,0062255657,4.0,1391904000
A19GJX6TTSK0C0,0062255657,4.0,1371600000
A1N1YEMTI9DJ86,0062255657,4.0,1375833600
A2G09684ZOK8X2,0062255657,5.0,1378684800
AKPKPMWM6IIU5,0062255657,4.0,1373241600
A3MV1KKHX51FYT,0062314254,3.0,1312588800
A2S166WSCFIFP5,0062314254,5.0,1020124800
A20EEWWSFMZ1PN,0062314254,5.0,1194134400
A1X8VZWTOG8IS6,0062314254,3.0,1188691200
A2CR57GAJKNWVV,0062314254,5.0,1052092800
A1S3C5OFU508P3,0062314254,5.0,1184544000
A3KF4IP2MUS8QQ,0062314254,5.0,1052352000
A1E2NA2F4RTQ9B,0062314254,5.0,1313020800
A2B9Y0WXNSN17U,0062314254,5.0,1038960000
A36K2N527TXXJN,0062314254,4.0,1270944000
A1CHM200OEN65X,0062314254,5.0,1062201600
A30KEXFT9SILL6,0062314254,4.0,1017273600
A2KWQ64TRHB3YH,0062314254,5.0,1262822400
A1DYMH30TSRONY,0062314254,5.0,1150934400
ABMX8XUNPR3LP,0062314254,3.0,1277078400
A2O9HU1K7TCF7B,0062314254,5.0,1088726400
A1IU7S4HCK1XK0,0062314254,5.0,1028764800
A222LQEPE7O7BV,0062314254,4.0,1018224000
A2RPIGO3G4M6GN,0062314254,2.0,1076457600
A2E3GFHUDNPYDH,0062314254,5.0,1197072000
A2NJO6YE954DBH,0062314254,5.0,1065916800
A29NUB3P6YIWZG,0062314254,5.0,1207440000
APTVNT7U6RZC3,0062314254,3.0,1343347200
A12A08OL0TZY0W,0062314254,5.0,1260230400
A370Z6I5GBWU44,0062314254,4.0,1316563200
A3NIQK6ZLYEP1L,0062314254,5.0,1047254400
A2F3M93RRLFQNJ,0062314254,5.0,1025049600
A3Z9QN0RCOHEY,0062314254,4.0,1222473600
A3QVAKVRAH657N,0062314254,5.0,975110400
A3R19YKNL641X3,0062314254,4.0,1083369600
A96K1ZGW56S2I,0062314254,4.0,986515200
AUTBHG6070SL4,0062314254,5.0,1136851200
AXSH6O4OP5L4M,0099244721,5.0,1050105600
A55MRYPUAX4QU,0099244721,4.0,1060905600
A1X8VZWTOG8IS6,0099244721,3.0,1193875200
A28WJUJF6D2ULA,0099244721,3.0,1127088000
AC1K4OQOZ90RS,0099244721,3.0,945561600
A1CHM200OEN65X,0099244721,3.0,954201600
A30KEXFT9SILL6,0099244721,3.0,987292800
A3A6GXILVT9JNW,0099244721,4.0,1151884800
ABMX8XUNPR3LP,0099244721,3.0,1256428800
A2RPIGO3G4M6GN,0099244721,4.0,1032393600
A2DSXA1E02C86D,0099244721,2.0,981504000
A2NJO6YE954DBH,0099244721,4.0,1019088000
A1L43KWWR05PCS,0099244721,5.0,1165276800
A29NUB3P6YIWZG,0099244721,2.0,1131235200
A1MJMYLRTZ76ZX,0099244721,4.0,983750400
A34UTL4AVX80MK,0099244721,5.0,1064620800
A2GBJQ9THOYDAJ,0099244721,4.0,1383091200
A14OJS0VWMOSWO,0099244721,5.0,949622400
A2O5RT4RCC4NU2,0099244721,4.0,1076198400
A1S8AJIUIO6M9K,0099244721,3.0,1038700800
A126KX6FVI4T66,0099244721,3.0,1194566400
ANEDXRFDZDL18,0099244721,3.0,1069113600
A2PWUIQG57O1AZ,0099406136,4.0,1077408000
A2HM0BZWQRV1EF,0099406136,3.0,1020556800
A18FUHNBP90IB4,0099406136,1.0,1129507200
A39ABKRS1MKFTW,0099406136,3.0,1104192000
A1K1JW1C5CUSUZ,0099406136,2.0,1196294400
AC1K4OQOZ90RS,0099406136,3.0,1015027200
A1CHM200OEN65X,0099406136,2.0,1019001600
A1LKSZ9CYJ6829,0099406136,3.0,1080172800
A2RPIGO3G4M6GN,0099406136,4.0,1018483200
A2DSXA1E02C86D,0099406136,4.0,1048723200
A3OJFPKMCXKOM0,0099406136,3.0,1303862400
A1IOJE0W1NXOSE,0099406136,4.0,1014249600
A1ER5AYS3FQ9O3,0099406136,2.0,1014508800
A2F6SZLKG0TOJ7,0099406136,1.0,1061164800
A3VMCKYN22X0CO,0099406136,3.0,1013644800
AX54G5AL870Q8,0099406136,3.0,1051401600
A126KX6FVI4T66,0099406136,2.0,1214611200
AAR8E3JF9K93P,0099406136,2.0,1013558400
A21NVBFIEQWDSG,0099429799,4.0,1199750400
A1RAUVCWYHTQI4,0099429799,2.0,1077494400
A39650P2CZUUC9,0099429799,5.0,1236124800
AYT4FJYVCHYLE,0099429799,5.0,1020902400
A1BI8PUEHA5CHW,0099429799,3.0,1217721600
A2QZVW56O4WSBT,0099429799,3.0,1298764800
A1T17LMQABMBN5,0099429799,5.0,1073606400
A3KF4IP2MUS8QQ,0099429799,5.0,1052956800
AC1K4OQOZ90RS,0099429799,5.0,1017532800
A4R8GJX3UZ1I,0099429799,5.0,1032998400
A3PGGI7A6XCNF1,0099429799,5.0,1020124800
A328S9RN3U5M68,0099429799,5.0,1018656000
A9I40WFF40R4,0099429799,5.0,1021161600
A2VV2MISGXFY1O,0099429799,4.0,1347235200
A1LKSZ9CYJ6829,0099429799,5.0,1198368000
AKT8TGIT6VVZ5,0099429799,5.0,1043452800
A2AYSFGUP5VTY3,0099429799,5.0,1322697600
A1IOJE0W1NXOSE,0099429799,4.0,1112313600
A1ER5AYS3FQ9O3,0099429799,5.0,1016236800
A3OL1AX1IODBYL,0099429799,4.0,1328054400
A2MF2QVSCUI27G,0099429799,5.0,1022544000
A2VG0RY3EUWZKB,0099429799,5.0,1017619200
A319KYEIAZ3SON,0099429799,5.0,1137888000
A2GBJQ9THOYDAJ,0099429799,5.0,1089504000
A2ODBHT4URXVXQ,0099429799,5.0,1025740800
AX54G5AL870Q8,0099429799,5.0,1073865600
A4FX5YCJA630V,0099429799,5.0,1359590400
A21VR7M8O55EF6,0099429799,4.0,1072483200
A1F3DFRPGVEUI8,0099429799,5.0,1211328000
A1N1YEMTI9DJ86,0099429799,4.0,1036627200
A1DLVUJFANNU1Q,0099429799,4.0,1294617600
AITIU2DG1MM4A,0099429799,5.0,1121644800
A1RAUVCWYHTQI4,0099450259,5.0,1063756800
A2C27IQUH9N1Z,0099450259,5.0,1093305600
AIEEK7AHXKZCC,0099450259,5.0,1078444800
A2F3SXHT6RBV81,0099450259,3.0,1116460800
AYT4FJYVCHYLE,0099450259,5.0,1059350400
A1BI8PUEHA5CHW,0099450259,5.0,1236470400
A1T17LMQABMBN5,0099450259,5.0,1069459200
A39ABKRS1MKFTW,0099450259,5.0,1141689600
A2B1GZIRD6W646,0099450259,5.0,1109030400
A1K1JW1C5CUSUZ,0099450259,4.0,1083110400
A36K2N527TXXJN,0099450259,5.0,1253232000
A1GARI2JT6EAWA,0099450259,4.0,1192147200
AC1K4OQOZ90RS,0099450259,5.0,1063411200
A4R8GJX3UZ1I,0099450259,5.0,1058918400
AMX0PJKV4PPNJ,0099450259,5.0,1080345600
A3H82LUT1EC655,0099450259,5.0,1144368000
A3PGGI7A6XCNF1,0099450259,5.0,1078444800
A328S9RN3U5M68,0099450259,3.0,1060300800
A2VV2MISGXFY1O,0099450259,4.0,1346025600
AIO247KHD2O40,0099450259,3.0,1075680000
A1CNQTCRQ35IMM,0099450259,4.0,1279065600
A1DYMH30TSRONY,0099450259,5.0,1149638400
ABMX8XUNPR3LP,0099450259,2.0,1268092800
A1LKSZ9CYJ6829,0099450259,4.0,1195948800
A2O9HU1K7TCF7B,0099450259,5.0,1180051200
A9LAPV8XNKZVZ,0099450259,4.0,1100044800
A1IOJE0W1NXOSE,0099450259,4.0,1106438400
A29NUB3P6YIWZG,0099450259,4.0,1107648000
A3NLJZI5NEOT0K,0099450259,4.0,1139529600
A2SI6BNK5SWSMD,0099450259,4.0,1113004800
A1MJMYLRTZ76ZX,0099450259,5.0,1089072000
A319KYEIAZ3SON,0099450259,5.0,1126396800
A2GBJQ9THOYDAJ,0099450259,5.0,1119916800
A232HUAELH5J6V,0099450259,5.0,1342656000
A2ODBHT4URXVXQ,0099450259,5.0,1071187200
AX54G5AL870Q8,0099450259,5.0,1075507200
A1RMHZSWZ7ZEQO,0099450259,5.0,1079913600
A2EDZH51XHFA9B,0099450259,4.0,1078704000
A1ARJBC8VD5P8P,0099450259,5.0,1093996800
A16IITISD2LAX0,0099450259,3.0,1225238400
AJDYDG7YZY9QL,0099450259,5.0,1072828800
A3R19YKNL641X3,0099450259,5.0,1108944000
AITIU2DG1MM4A,0099450259,5.0,1139011200
AUTBHG6070SL4,0099450259,5.0,1127260800
A30H2335OM7RD6,0099453924,2.0,1000425600
A39650P2CZUUC9,0099453924,5.0,1235520000
AYT4FJYVCHYLE,0099453924,5.0,1058832000
A1BI8PUEHA5CHW,0099453924,4.0,981504000
A1T17LMQABMBN5,0099453924,3.0,1099440000
A4R8GJX3UZ1I,0099453924,3.0,987033600
A1RECBDKHVOJMW,0099453924,5.0,1059004800
A3A6GXILVT9JNW,0099453924,4.0,1209600000
A2YXRT2XIJIO57,0099453924,5.0,1235692800
A1L43KWWR05PCS,0099453924,5.0,1148774400
A29NUB3P6YIWZG,0099453924,4.0,992476800
A2MF2QVSCUI27G,0099453924,5.0,980640000
A319KYEIAZ3SON,0099453924,4.0,964051200
A3QVAKVRAH657N,0099453924,5.0,974764800
A2ODBHT4URXVXQ,0099453924,3.0,1074988800
AX54G5AL870Q8,0099453924,4.0,983664000
A21VR7M8O55EF6,0099453924,4.0,979603200
A2PWUIQG57O1AZ,0099457156,4.0,1094688000
A2HM0BZWQRV1EF,0099457156,5.0,1085011200
A2F6N60Z96CAJI,0099457156,4.0,1076803200
A11B61QBGHLQDN,0099457156,4.0,1094083200
A39ABKRS1MKFTW,0099457156,4.0,1115596800
A1K1JW1C5CUSUZ,0099457156,4.0,1219708800
AC1K4OQOZ90RS,0099457156,5.0,1076716800
A1CHM200OEN65X,0099457156,5.0,1082332800
AFVQZQ8PW0L,0099457156,4.0,1075939200
A37BRR2L8PX3R2,0099457156,4.0,1400198400
A680RUE1FDO8B,0099457156,4.0,1078531200
A1LKSZ9CYJ6829,0099457156,4.0,1076284800
A2RPIGO3G4M6GN,0099457156,3.0,1110240000
A1IOJE0W1NXOSE,0099457156,5.0,1078444800
A2NJO6YE954DBH,0099457156,4.0,1081555200
A3NLJZI5NEOT0K,0099457156,5.0,1270166400
A370Z6I5GBWU44,0099457156,4.0,1250812800
A2F3M93RRLFQNJ,0099457156,4.0,1110499200
A3U29LBT749HJ0,0099457156,4.0,1089158400
A3R19YKNL641X3,0099457156,3.0,1080432000
A30H2335OM7RD6,0099464462,5.0,1148860800
A55MRYPUAX4QU,0099464462,5.0,1106179200
A2F6N60Z96CAJI,0099464462,5.0,1065225600
A2CR57GAJKNWVV,0099464462,5.0,1082246400
AYT4FJYVCHYLE,0099464462,4.0,1074038400
A1BI8PUEHA5CHW,0099464462,5.0,1094860800
A18FUHNBP90IB4,0099464462,4.0,1117756800
A2QZVW56O4WSBT,0099464462,5.0,1308355200
A1T17LMQABMBN5,0099464462,4.0,1097020800
A28WJUJF6D2ULA,0099464462,5.0,1132617600
A1E2NA2F4RTQ9B,0099464462,4.0,1330473600
A36K2N527TXXJN,0099464462,5.0,1271116800
A4R8GJX3UZ1I,0099464462,5.0,1079913600
A30KEXFT9SILL6,0099464462,4.0,1124236800
A3M174IC0VXOS2,0099464462,5.0,1237593600
A1RECBDKHVOJMW,0099464462,5.0,1064361600
A1CNQTCRQ35IMM,0099464462,2.0,1213833600
A1DYMH30TSRONY,0099464462,4.0,1307577600
ABMX8XUNPR3LP,0099464462,4.0,1290902400
A2RPIGO3G4M6GN,0099464462,2.0,1112227200
A3NLJZI5NEOT0K,0099464462,5.0,1096502400
APTVNT7U6RZC3,0099464462,4.0,1212883200
A2MF2QVSCUI27G,0099464462,4.0,1062374400
A1KSGE7FCMX6SY,0099464462,3.0,1119830400
A14OJS0VWMOSWO,0099464462,5.0,1097539200
A3T0OTH5072YRE,0099464462,3.0,1314403200
A1ARJBC8VD5P8P,0099464462,4.0,1094083200
A1N1YEMTI9DJ86,0099464462,5.0,1251072000
A3R19YKNL641X3,0099464462,5.0,1259452800
AUTBHG6070SL4,0099464462,4.0,1126051200
A21NVBFIEQWDSG,0099513021,4.0,1199750400
A1RAUVCWYHTQI4,0099513021,3.0,1197072000
A2C27IQUH9N1Z,0099513021,5.0,1208908800
A2F6N60Z96CAJI,0099513021,4.0,1199664000
A1S3C5OFU508P3,0099513021,5.0,1191110400
A27R2V3WLS43LP,0099513021,4.0,1225670400
A2BZCHIDR5FTYA,0099513021,4.0,1191456000
A3BFDEBT5IV4UN,0099513021,2.0,1220313600
A4R8GJX3UZ1I,0099513021,2.0,1199664000
A2HVL790PBWYTU,0099513021,4.0,1191628800
A3A6GXILVT9JNW,0099513021,5.0,1191283200
A1AKQ1YUS4BT82,0099513021,4.0,1200268800
A2VG0RY3EUWZKB,0099513021,4.0,1204070400
A1U360OMVQRPUB,0099513021,4.0,1206576000
A14OJS0VWMOSWO,0099513021,5.0,1215820800
A2F3M93RRLFQNJ,0099513021,4.0,1192406400
A1YZ3IJXI2J119,0099513021,4.0,1196121600
AJDYDG7YZY9QL,0099513021,4.0,1207180800
A3R19YKNL641X3,0099513021,4.0,1192233600
A1D5RCOILPC9LX,0099513021,5.0,1290902400
A39650P2CZUUC9,0099526832,5.0,1224806400
A1OB5L3WMHJAD9,0099526832,4.0,1377993600
A2QZVW56O4WSBT,0099526832,3.0,1362096000
A1T17LMQABMBN5,0099526832,5.0,1093737600
ABN5K7K1TM1QA,0099526832,4.0,1165536000
A4R8GJX3UZ1I,0099526832,5.0,985737600
A30KEXFT9SILL6,0099526832,5.0,964828800
A2PR6NXG0PA3KY,0099526832,5.0,1322611200
A328S9RN3U5M68,0099526832,5.0,1074902400
A1LKSZ9CYJ6829,0099526832,5.0,1246492800
AUEY946M1L939,0099526832,4.0,1227571200
A2AYSFGUP5VTY3,0099526832,5.0,1308960000
A29NUB3P6YIWZG,0099526832,5.0,963446400
A12A08OL0TZY0W,0099526832,5.0,1251504000
A34UTL4AVX80MK,0099526832,5.0,1112140800
A319KYEIAZ3SON,0099526832,5.0,964396800
A2GBJQ9THOYDAJ,0099526832,4.0,1149120000
A2ODBHT4URXVXQ,0099526832,5.0,1074211200
A2EDZH51XHFA9B,0099526832,4.0,1384473600
A21VR7M8O55EF6,0099526832,5.0,981676800
A3I8FT707XKQAJ,0099526832,4.0,1282348800
A1DLVUJFANNU1Q,0099526832,5.0,1284422400
A1D5RCOILPC9LX,0099526832,4.0,1263168000
A55MRYPUAX4QU,0099740915,3.0,1061164800
A2PWUIQG57O1AZ,0099740915,4.0,1101427200
A1X8VZWTOG8IS6,0099740915,4.0,1199664000
A36K2N527TXXJN,0099740915,4.0,1272153600
A2E3GFHUDNPYDH,0099740915,5.0,1257292800
A11L3YX5WIDKJ,0099740915,5.0,1372550400
A3OL1AX1IODBYL,0099740915,5.0,1318118400
APTVNT7U6RZC3,0099740915,5.0,1278720000
AOKGRSAS5VNS3,0099740915,5.0,1284076800
A319KYEIAZ3SON,0099740915,4.0,1196553600
A370Z6I5GBWU44,0099740915,4.0,1335916800
A3T0OTH5072YRE,0099740915,3.0,1299542400
A3Z9QN0RCOHEY,0099740915,4.0,1262563200
AN8C7BGR98HLN,0099740915,4.0,1293062400
A2O5RT4RCC4NU2,0099740915,5.0,1110585600
AX54G5AL870Q8,0099740915,5.0,1023062400
A20HMA36ESANHC,0099740915,1.0,1376870400
ANEDXRFDZDL18,0099740915,4.0,1384732800
AUTBHG6070SL4,0099740915,5.0,1100217600
A1D5RCOILPC9LX,0099740915,5.0,1232496000
A2PWUIQG57O1AZ,0099911701,5.0,1011225600
AYT4FJYVCHYLE,0099911701,4.0,1116806400
A24H4WUFUDPTAA,0099911701,4.0,1223337600
A1T17LMQABMBN5,0099911701,5.0,1118966400
A28WJUJF6D2ULA,0099911701,4.0,1126828800
A3UW23DBF2KHWC,0099911701,4.0,1392595200
A1RECBDKHVOJMW,0099911701,5.0,1075507200
A1CNQTCRQ35IMM,0099911701,3.0,1199318400
ABMX8XUNPR3LP,0099911701,4.0,1322265600
A1RY8R18NEO9AA,0099911701,4.0,1340323200
A1L43KWWR05PCS,0099911701,5.0,1028332800
A3T0OTH5072YRE,0099911701,4.0,1273622400
AN8C7BGR98HLN,0099911701,5.0,1209427200
A126YLPKFPNQDS,0099911701,5.0,1015632000
A3QVAKVRAH657N,0099911701,3.0,1024185600
A26J2TRDPZH7RZ,0099911701,5.0,1336435200
AW4NFCPN81CS3,0099911701,5.0,1357171200
A1N1YEMTI9DJ86,0099911701,3.0,1034985600
A1S3IN6CSTBPY6,0099911701,5.0,1151625600
A1JKGTL51HHTU1,0099911701,5.0,1392163200
A2S166WSCFIFP5,0140012486,5.0,1027728000
A1S3C5OFU508P3,0140012486,5.0,1184630400
A28WJUJF6D2ULA,0140012486,3.0,1129593600
A3KF4IP2MUS8QQ,0140012486,5.0,1011657600
A2B1GZIRD6W646,0140012486,5.0,1265068800
A1K1JW1C5CUSUZ,0140012486,5.0,1299283200
A1D2C0WDCSHUWZ,0140012486,4.0,1090713600
A2VE83MZF98ITY,0140012486,5.0,1055462400
A1G9FX1KV45N41,0140012486,5.0,998179200
A328S9RN3U5M68,0140012486,5.0,1264723200
A2KWQ64TRHB3YH,0140012486,5.0,1398297600
A2O9HU1K7TCF7B,0140012486,5.0,1006646400
A222LQEPE7O7BV,0140012486,5.0,1018224000
A2YXRT2XIJIO57,0140012486,5.0,1385078400
A2AYSFGUP5VTY3,0140012486,4.0,1307145600
A2E3GFHUDNPYDH,0140012486,3.0,1169424000
A3OJFPKMCXKOM0,0140012486,5.0,1131753600
A3OL1AX1IODBYL,0140012486,5.0,1349308800
A29NUB3P6YIWZG,0140012486,5.0,1116720000
A370Z6I5GBWU44,0140012486,1.0,1316563200
A3QZCA4LTTVGAD,0140012486,4.0,1057622400
A3T0OTH5072YRE,0140012486,3.0,1346716800
A232HUAELH5J6V,0140012486,5.0,1313798400
A3QVAKVRAH657N,0140012486,5.0,972950400
A2ODBHT4URXVXQ,0140012486,5.0,1055462400
A4FX5YCJA630V,0140012486,5.0,1124841600
A16QODENBJVUI1,0140012486,5.0,1223856000
A8IPQ1Q1O7YX5,0140012486,5.0,1152057600
AHD101501WCN1,0140012486,5.0,1096934400
A303U1MOXG5R1F,0140012486,4.0,1201478400
A1D5RCOILPC9LX,0140012486,4.0,1275868800
A3MV1KKHX51FYT,0140057072,5.0,1354060800
A1X8VZWTOG8IS6,0140057072,5.0,1185926400
A1G37DFO8MQW0M,0140057072,5.0,1228089600
A28WJUJF6D2ULA,0140057072,5.0,1127433600
A1E2NA2F4RTQ9B,0140057072,5.0,1313020800
A1K1JW1C5CUSUZ,0140057072,5.0,958953600
A2TXR85WQLE32N,0140057072,5.0,1332806400
A4H4KYSM2KQ85,0140057072,4.0,1094774400
A2VE83MZF98ITY,0140057072,5.0,1090454400
A3R7MXVQRGGIQ9,0140057072,4.0,1371168000
A2E3GFHUDNPYDH,0140057072,4.0,1260489600
A319KYEIAZ3SON,0140057072,4.0,1146873600
A14OJS0VWMOSWO,0140057072,5.0,1005436800
A2F3M93RRLFQNJ,0140057072,4.0,1331856000
AN8C7BGR98HLN,0140057072,5.0,1272672000
ACEOOCYZRPWF3,0140057072,5.0,1307404800
A3QVAKVRAH657N,0140057072,5.0,984528000
AUTBHG6070SL4,0140057072,4.0,1358553600
A3MV1KKHX51FYT,0140060286,5.0,1387497600
A2ICKSJ6T7WIBO,0140060286,5.0,1291939200
A2HM0BZWQRV1EF,0140060286,5.0,1162252800
A1S3C5OFU508P3,0140060286,5.0,1228867200
A11B61QBGHLQDN,0140060286,5.0,1156464000
A1HA6KZZNDCME9,0140060286,5.0,1137456000
A1CHM200OEN65X,0140060286,4.0,1291852800
A2VE83MZF98ITY,0140060286,5.0,1137542400
A1G9FX1KV45N41,0140060286,5.0,1196294400
A328S9RN3U5M68,0140060286,5.0,1152835200
A3RFXU3P0XKKF4,0140060286,5.0,1297123200
A1E1LEVQ9VQNK,0140060286,5.0,1141689600
A1M8PP7MLHNBQB,0140060286,5.0,1145318400
A133ZC2Z8MAIED,0140060286,5.0,1150761600
A186ZAYP2L4CDZ,0140060286,4.0,1200268800
A1RMHZSWZ7ZEQO,0140060286,5.0,1189382400
A2EDZH51XHFA9B,0140060286,3.0,1394841600
AUM3YMZ0YRJE0,0140060286,5.0,1137628800
A21VR7M8O55EF6,0140060286,5.0,1381363200
A3I8FT707XKQAJ,0140060286,5.0,1274140800
A303U1MOXG5R1F,0140060286,5.0,1182384000
A1S3IN6CSTBPY6,0140060286,5.0,1148342400
A3MV1KKHX51FYT,0140177396,3.0,1303257600
A2S166WSCFIFP5,0140177396,5.0,1079136000
A1S3C5OFU508P3,0140177396,5.0,1226016000
A1T17LMQABMBN5,0140177396,5.0,979776000
A1E2NA2F4RTQ9B,0140177396,5.0,1322265600
A36K2N527TXXJN,0140177396,5.0,1282176000
A1GARI2JT6EAWA,0140177396,5.0,1233360000
ABMX8XUNPR3LP,0140177396,2.0,1384992000
A2O9HU1K7TCF7B,0140177396,4.0,1075680000
A222LQEPE7O7BV,0140177396,5.0,1018224000
A2AYSFGUP5VTY3,0140177396,5.0,1326758400
A2E3GFHUDNPYDH,0140177396,5.0,1310601600
A3OJFPKMCXKOM0,0140177396,4.0,1221436800
A34UTL4AVX80MK,0140177396,5.0,1106438400
A319KYEIAZ3SON,0140177396,5.0,1161475200
A370Z6I5GBWU44,0140177396,3.0,1316563200
A3Z9QN0RCOHEY,0140177396,5.0,1297641600
AJKWF4W7QD4NS,0140177396,5.0,1175472000
A8IPQ1Q1O7YX5,0140177396,5.0,1188518400
A1N1YEMTI9DJ86,0140177396,5.0,1105574400
A303U1MOXG5R1F,0140177396,4.0,1305072000
A2L7N2U5Z316ZE,0140177396,5.0,1227830400
A1D5RCOILPC9LX,0140177396,5.0,1260403200
A20EEWWSFMZ1PN,0140283331,5.0,1173484800
A1G37DFO8MQW0M,0140283331,5.0,1280448000
A1E2NA2F4RTQ9B,0140283331,5.0,1313020800
ABN5K7K1TM1QA,0140283331,5.0,1162425600
A2NHD7LUXVGTD3,0140283331,5.0,1130284800
A24505CR98NLLV,0140283331,5.0,1059523200
A1CHM200OEN65X,0140283331,5.0,1131148800
A3H82LUT1EC655,0140283331,3.0,993945600
A3M174IC0VXOS2,0140283331,5.0,1039564800
A2PR6NXG0PA3KY,0140283331,3.0,1315267200
A1DYMH30TSRONY,0140283331,5.0,1198627200
A2O9HU1K7TCF7B,0140283331,4.0,1117584000
A222LQEPE7O7BV,0140283331,5.0,1018224000
A2E3GFHUDNPYDH,0140283331,4.0,1206230400
A3T0OTH5072YRE,0140283331,3.0,1360454400
AJKWF4W7QD4NS,0140283331,5.0,1019779200
A232HUAELH5J6V,0140283331,5.0,1315267200
A3QVAKVRAH657N,0140283331,3.0,972950400
A2EDZH51XHFA9B,0140283331,3.0,981590400
AHD101501WCN1,0140283331,4.0,1125532800
A96K1ZGW56S2I,0140283331,3.0,1198627200
A2S166WSCFIFP5,0140390464,5.0,895795200
A30H2335OM7RD6,0140390464,5.0,1365206400
A1OB5L3WMHJAD9,0140390464,4.0,1238889600
AUHG8KSHI529U,0140390464,5.0,1363564800
A28WJUJF6D2ULA,0140390464,5.0,1131494400
A3KF4IP2MUS8QQ,0140390464,5.0,1178323200
ABN5K7K1TM1QA,0140390464,5.0,1133740800
A2NHD7LUXVGTD3,0140390464,5.0,1174348800
A1K1JW1C5CUSUZ,0140390464,5.0,957225600
A1IU7S4HCK1XK0,0140390464,5.0,1043798400
A2E3GFHUDNPYDH,0140390464,3.0,1296691200
A3OJFPKMCXKOM0,0140390464,5.0,1108857600
AOKGRSAS5VNS3,0140390464,4.0,1328918400
A2I6MHMAZZDCRX,0140390464,4.0,1317686400
A3QZCA4LTTVGAD,0140390464,4.0,1007769600
A14OJS0VWMOSWO,0140390464,5.0,1151884800
A2F3M93RRLFQNJ,0140390464,5.0,1331596800
A3QVAKVRAH657N,0140390464,5.0,970358400
AHD101501WCN1,0140390464,5.0,1100995200
A1N1YEMTI9DJ86,0140390464,5.0,951868800
A20EEWWSFMZ1PN,0140620303,3.0,1165708800
A1X8VZWTOG8IS6,0140620303,5.0,1188691200
A24H4WUFUDPTAA,0140620303,5.0,1217808000
A1G37DFO8MQW0M,0140620303,5.0,1232323200
A11B61QBGHLQDN,0140620303,5.0,1074384000
A3KF4IP2MUS8QQ,0140620303,5.0,1027987200
A1D2C0WDCSHUWZ,0140620303,5.0,1337558400
A1CHM200OEN65X,0140620303,4.0,1301616000
A3H82LUT1EC655,0140620303,4.0,995068800
A2KWQ64TRHB3YH,0140620303,5.0,1299715200
A3FHAMLNGHCFU7,0140620303,4.0,1028851200
ABMX8XUNPR3LP,0140620303,2.0,1256515200
A2O9HU1K7TCF7B,0140620303,5.0,1262822400
A2E3GFHUDNPYDH,0140620303,5.0,1377216000
A34UTL4AVX80MK,0140620303,5.0,1090627200
A3A7FF87LEVCQ1,0140620303,4.0,1321833600
ACEOOCYZRPWF3,0140620303,4.0,1360108800
A4FX5YCJA630V,0140620303,4.0,1152316800
AUM3YMZ0YRJE0,0140620303,5.0,1026172800
A2L7N2U5Z316ZE,0140620303,5.0,1229299200
AUTBHG6070SL4,0140620303,5.0,1176508800
A2ICKSJ6T7WIBO,0141034262,3.0,1370736000
A1MR1VMK999I6O,0141034262,5.0,1229385600
A1BI8PUEHA5CHW,0141034262,5.0,1207008000
A2IIB10X0CECYV,0141034262,4.0,1241481600
A2NHD7LUXVGTD3,0141034262,3.0,1195344000
A1K1JW1C5CUSUZ,0141034262,5.0,1183161600
A1DYMH30TSRONY,0141034262,5.0,1274832000
AU7ND6NOCX9IA,0141034262,5.0,1156032000
A3KPD3WLML2Q4E,0141034262,1.0,1226448000
A2YXRT2XIJIO57,0141034262,5.0,1232064000
A2E3GFHUDNPYDH,0141034262,3.0,1183680000
A1IOJE0W1NXOSE,0141034262,5.0,1198454400
A3IJHV3XZZEED5,0141034262,5.0,1265587200
A14OJS0VWMOSWO,0141034262,5.0,1176163200
A3T0OTH5072YRE,0141034262,4.0,1270252800
AN8C7BGR98HLN,0141034262,4.0,1300752000
AS6SH2JM2YY3H,0141034262,4.0,1229299200
AITIU2DG1MM4A,0141034262,4.0,1223510400
A30H2335OM7RD6,0141039280,5.0,1322006400
A2C27IQUH9N1Z,0141039280,5.0,1235174400
A39650P2CZUUC9,0141039280,5.0,1242518400
A2F6N60Z96CAJI,0141039280,5.0,1235520000
AISUSPFYY68RO,0141039280,4.0,1291161600
AYT4FJYVCHYLE,0141039280,5.0,1237593600
A1BI8PUEHA5CHW,0141039280,5.0,1269475200
A2H44WVZS59KKT,0141039280,5.0,1300752000
A2QZVW56O4WSBT,0141039280,5.0,1331424000
A1G37DFO8MQW0M,0141039280,5.0,1316390400
A39ABKRS1MKFTW,0141039280,5.0,1254182400
A2RQ0AT4XZUIXL,0141039280,5.0,1245542400
AWFMGDUUGNGYW,0141039280,3.0,1314403200
AC1K4OQOZ90RS,0141039280,5.0,1246233600
A1CHM200OEN65X,0141039280,4.0,1313020800
A9I40WFF40R4,0141039280,5.0,1264464000
A1CNQTCRQ35IMM,0141039280,4.0,1276473600
A3A6GXILVT9JNW,0141039280,5.0,1348444800
A2DSXA1E02C86D,0141039280,5.0,1317081600
A2E3GFHUDNPYDH,0141039280,5.0,1247875200
A1IOJE0W1NXOSE,0141039280,5.0,1246665600
A11L3YX5WIDKJ,0141039280,5.0,1374019200
A20XM6F911RIDE,0141039280,5.0,1336435200
A3OL1AX1IODBYL,0141039280,5.0,1237161600
A1L43KWWR05PCS,0141039280,5.0,1326067200
A29NUB3P6YIWZG,0141039280,5.0,1389484800
A3NLJZI5NEOT0K,0141039280,4.0,1273449600
AOKGRSAS5VNS3,0141039280,5.0,1268179200
A25KKXUQQ0OLWB,0141039280,3.0,1242691200
A2TBZAC0XYHLIB,0141039280,5.0,1232236800
A3IJHV3XZZEED5,0141039280,5.0,1319155200
A9Q28YTLYREO7,0141039280,1.0,1315785600
A3Z9QN0RCOHEY,0141039280,5.0,1236470400
A186ZAYP2L4CDZ,0141039280,5.0,1243641600
A3U29LBT749HJ0,0141039280,5.0,1294012800
A2O5RT4RCC4NU2,0141039280,5.0,1324684800
A232HUAELH5J6V,0141039280,3.0,1318809600
A2EDZH51XHFA9B,0141039280,5.0,1325116800
A126KX6FVI4T66,0141039280,5.0,1233014400
A1N1YEMTI9DJ86,0141039280,5.0,1266537600
AKPKPMWM6IIU5,0141039280,4.0,1267747200
A23MAG8UKFL0QW,0141039280,5.0,1239408000
A2VKWLCNZF4ZVB,0141039280,3.0,1288483200
A2L7N2U5Z316ZE,0141039280,5.0,1237420800
A1S3IN6CSTBPY6,0141039280,5.0,1236211200
A1D5RCOILPC9LX,0141039280,5.0,1264636800
A2S166WSCFIFP5,0141040343,2.0,926985600
A21NVBFIEQWDSG,0141040343,5.0,1192406400
A1G37DFO8MQW0M,0141040343,5.0,1190246400
A1T17LMQABMBN5,0141040343,4.0,947635200
A1MC6BFHWY6WC3,0141040343,5.0,1306972800
A1K1JW1C5CUSUZ,0141040343,5.0,1144713600
A2TXR85WQLE32N,0141040343,5.0,1202774400
A1D2C0WDCSHUWZ,0141040343,5.0,1290384000
AC1K4OQOZ90RS,0141040343,5.0,1063411200
A9I40WFF40R4,0141040343,5.0,1075852800
A2KWQ64TRHB3YH,0141040343,5.0,1326672000
A1RECBDKHVOJMW,0141040343,5.0,1057968000
A1CNQTCRQ35IMM,0141040343,5.0,1199318400
A3A6GXILVT9JNW,0141040343,5.0,1197331200
A1IOJE0W1NXOSE,0141040343,5.0,1143590400
A22B13EJTZKCTM,0141040343,4.0,1240790400
A2NJO6YE954DBH,0141040343,5.0,1070236800
A25KKXUQQ0OLWB,0141040343,5.0,1247356800
A3A7FF87LEVCQ1,0141040343,5.0,1308096000
A281NPSIMI1C2R,0141040343,5.0,1285113600
A4FX5YCJA630V,0141040343,5.0,1274659200
A16QODENBJVUI1,0141040343,5.0,888883200
A1F3DFRPGVEUI8,0141040343,5.0,1363824000
A1N1YEMTI9DJ86,0141040343,5.0,1105747200
A2B8GXSCB1R05T,0141040343,5.0,1036972800
A1POFVVXUZR3IQ,0141040343,5.0,1262649600
A3MV1KKHX51FYT,014118776X,2.0,1198713600
A2S166WSCFIFP5,014118776X,5.0,1028419200
A2VMT89TCSF105,014118776X,5.0,1161216000
A20EEWWSFMZ1PN,014118776X,5.0,1350604800
A2F3SXHT6RBV81,014118776X,4.0,1117152000
A1X8VZWTOG8IS6,014118776X,4.0,1188691200
A1BI8PUEHA5CHW,014118776X,5.0,1042070400
A1S3C5OFU508P3,014118776X,5.0,1154044800
A1T17LMQABMBN5,014118776X,5.0,1257897600
A28WJUJF6D2ULA,014118776X,5.0,1127347200
ABN5K7K1TM1QA,014118776X,5.0,1162771200
A2NHD7LUXVGTD3,014118776X,5.0,1167609600
A1CHM200OEN65X,014118776X,5.0,1308960000
A1G9FX1KV45N41,014118776X,5.0,1003363200
A3RFXU3P0XKKF4,014118776X,5.0,1208131200
A3FHAMLNGHCFU7,014118776X,5.0,1043107200
A1E1LEVQ9VQNK,014118776X,5.0,1157673600
A1DYMH30TSRONY,014118776X,5.0,1178323200
A2O9HU1K7TCF7B,014118776X,5.0,1145491200
A222LQEPE7O7BV,014118776X,4.0,1018224000
A2YXRT2XIJIO57,014118776X,5.0,1308096000
A2AYSFGUP5VTY3,014118776X,5.0,1390694400
A2E3GFHUDNPYDH,014118776X,5.0,1212451200
A3OJFPKMCXKOM0,014118776X,5.0,1118793600
A22B13EJTZKCTM,014118776X,4.0,1292198400
A14BTJRH9VNLJJ,014118776X,5.0,1373760000
A12A08OL0TZY0W,014118776X,5.0,1147046400
A2I6MHMAZZDCRX,014118776X,5.0,1192406400
A34UTL4AVX80MK,014118776X,5.0,1291420800
A370Z6I5GBWU44,014118776X,5.0,1228176000
A3NIQK6ZLYEP1L,014118776X,5.0,1045958400
A3T0OTH5072YRE,014118776X,5.0,1349308800
A3QVAKVRAH657N,014118776X,5.0,972864000
AUM3YMZ0YRJE0,014118776X,5.0,1287014400
AHD101501WCN1,014118776X,5.0,1107216000
A2ZHH7AK83JB5G,014118776X,5.0,1226361600
A303U1MOXG5R1F,014118776X,5.0,1191715200
AUTBHG6070SL4,014118776X,5.0,1127260800
A20EEWWSFMZ1PN,0141191538,5.0,1372550400
A1X8VZWTOG8IS6,0141191538,4.0,1188691200
A20IIR0422G3A5,0141191538,5.0,1324166400
A1G37DFO8MQW0M,0141191538,5.0,1252368000
A1T17LMQABMBN5,0141191538,5.0,1244678400
A3KF4IP2MUS8QQ,0141191538,5.0,1023494400
A1G9FX1KV45N41,0141191538,5.0,1110672000
ABMX8XUNPR3LP,0141191538,4.0,1266451200
A22B13EJTZKCTM,0141191538,4.0,1266624000
AOKGRSAS5VNS3,0141191538,5.0,1268438400
A370Z6I5GBWU44,0141191538,5.0,1227139200
A3NIQK6ZLYEP1L,0141191538,1.0,1074556800
A14OJS0VWMOSWO,0141191538,5.0,1250208000
A2ODBHT4URXVXQ,0141191538,3.0,1050883200
A2EDZH51XHFA9B,0141191538,4.0,1312761600
A126KX6FVI4T66,0141191538,4.0,1188345600
A27XUU2DXILHYZ,0141191538,4.0,1390435200
A1X8VZWTOG8IS6,0141321008,4.0,1188691200
A24H4WUFUDPTAA,0141321008,5.0,1285200000
A1G37DFO8MQW0M,0141321008,5.0,1269907200
A3CN9CCJUNIPKT,0141321008,5.0,1255910400
A2NHD7LUXVGTD3,0141321008,4.0,1120521600
A1K1JW1C5CUSUZ,0141321008,5.0,958608000
A2RPIGO3G4M6GN,0141321008,2.0,1061337600
A2E3GFHUDNPYDH,0141321008,4.0,1230076800
A3OJFPKMCXKOM0,0141321008,5.0,1211932800
A22B13EJTZKCTM,0141321008,3.0,1271635200
A14BTJRH9VNLJJ,0141321008,5.0,1369353600
A14OJS0VWMOSWO,0141321008,5.0,1060560000
A3QVAKVRAH657N,0141321008,5.0,999734400
A2AIE9DO5QSVBD,0141321008,5.0,1333065600
A4FX5YCJA630V,0141321008,5.0,1183939200
AHD101501WCN1,0141321008,5.0,1098835200
A2L7N2U5Z316ZE,0141321008,5.0,1229126400
A1POFVVXUZR3IQ,0141321008,4.0,1281139200
AYT4FJYVCHYLE,0141326085,3.0,1309219200
A2XNOB1T796Y6B,0141326085,3.0,1345161600
A3U7ELIED4WP4R,0141326085,4.0,1259107200
A18JHVX925K101,0141326085,3.0,1359763200
A2TSTJP0B3A3H5,0141326085,3.0,1266192000
A2E3GFHUDNPYDH,0141326085,3.0,1272153600
A1KYJA5YM1479G,0141326085,4.0,1360627200
A1AKQ1YUS4BT82,0141326085,4.0,1260489600
A22B13EJTZKCTM,0141326085,3.0,1256601600
A11L3YX5WIDKJ,0141326085,1.0,1373673600
A2TBZAC0XYHLIB,0141326085,5.0,1278460800
A2X6WMYTYRE130,0141326085,5.0,1257465600
A17U562HOY2OQV,0141326085,5.0,1263168000
A2SY92ZXU2FOEU,0141326085,4.0,1273881600
A24ZMNWTW8AQUR,0141326085,4.0,1360627200
A11I1I9QLMAM1A,0141326085,2.0,1254096000
AFVZXHIUSXINA,0141326085,4.0,1261958400
A2TX179XAT5GRP,0141326085,5.0,1257984000
A1POFVVXUZR3IQ,0141326085,5.0,1258416000
A55MRYPUAX4QU,014143984X,5.0,1067212800
A20EEWWSFMZ1PN,014143984X,5.0,1335398400
A1X8VZWTOG8IS6,014143984X,5.0,1188432000
A2XNOB1T796Y6B,014143984X,3.0,1379030400
A1G37DFO8MQW0M,014143984X,5.0,1404604800
A3KF4IP2MUS8QQ,014143984X,5.0,1029196800
A2NHD7LUXVGTD3,014143984X,5.0,1017532800
A2B9Y0WXNSN17U,014143984X,5.0,1106179200
A24505CR98NLLV,014143984X,5.0,1065571200
A1D2C0WDCSHUWZ,014143984X,5.0,1146268800
A1CHM200OEN65X,014143984X,4.0,1185408000
A2VV2MISGXFY1O,014143984X,3.0,1361318400
A1RECBDKHVOJMW,014143984X,5.0,1102291200
ABMX8XUNPR3LP,014143984X,3.0,1257811200
A2O9HU1K7TCF7B,014143984X,5.0,1278892800
A12A08OL0TZY0W,014143984X,5.0,1134777600
AOKGRSAS5VNS3,014143984X,5.0,1325548800
A319KYEIAZ3SON,014143984X,4.0,1174089600
A3NIQK6ZLYEP1L,014143984X,5.0,1063670400
A3A7FF87LEVCQ1,014143984X,4.0,1307318400
A281NPSIMI1C2R,014143984X,4.0,1383523200
AUM3YMZ0YRJE0,014143984X,2.0,1120521600
A1POFVVXUZR3IQ,014143984X,4.0,1220054400
A20EEWWSFMZ1PN,0141441038,5.0,1223769600
A1X8VZWTOG8IS6,0141441038,4.0,1188691200
A1BI8PUEHA5CHW,0141441038,5.0,1123113600
AUHG8KSHI529U,0141441038,5.0,1155600000
A3KF4IP2MUS8QQ,0141441038,3.0,1010188800
A1K1JW1C5CUSUZ,0141441038,5.0,974764800
A1CHM200OEN65X,0141441038,5.0,1312761600
A2KWQ64TRHB3YH,0141441038,5.0,1296777600
ABMX8XUNPR3LP,0141441038,2.0,1257984000
A2O9HU1K7TCF7B,0141441038,5.0,1237680000
A22B13EJTZKCTM,0141441038,4.0,1287100800
A14BTJRH9VNLJJ,0141441038,5.0,1374278400
A2NJO6YE954DBH,0141441038,5.0,1067472000
A29NUB3P6YIWZG,0141441038,3.0,1142553600
A12A08OL0TZY0W,0141441038,5.0,1230508800
A1MJMYLRTZ76ZX,0141441038,5.0,1122508800
A3NIQK6ZLYEP1L,0141441038,5.0,1046390400
A16QODENBJVUI1,0141441038,5.0,1252108800
A2F3SXHT6RBV81,0142001740,3.0,1101859200
A1BI8PUEHA5CHW,0142001740,4.0,1084060800
A2QZVW56O4WSBT,0142001740,5.0,1325894400
A1T17LMQABMBN5,0142001740,5.0,1049068800
A1MC6BFHWY6WC3,0142001740,5.0,1281484800
AC1K4OQOZ90RS,0142001740,5.0,1074729600
A4R8GJX3UZ1I,0142001740,4.0,1050537600
A1CHM200OEN65X,0142001740,5.0,1052092800
A1RECBDKHVOJMW,0142001740,4.0,1120953600
A1CNQTCRQ35IMM,0142001740,3.0,1327708800
A1LKSZ9CYJ6829,0142001740,3.0,1112659200
A1IOJE0W1NXOSE,0142001740,4.0,1064275200
AN0XWUHSHRUG6,0142001740,3.0,1078963200
A3T0OTH5072YRE,0142001740,4.0,1356739200
A3U29LBT749HJ0,0142001740,4.0,1281744000
A2ODBHT4URXVXQ,0142001740,3.0,1025740800
ANEDXRFDZDL18,0142001740,3.0,1132012800
A1N1YEMTI9DJ86,0142001740,4.0,1348704000
A1S3IN6CSTBPY6,0142001740,5.0,1070582400
A1D5RCOILPC9LX,0142001740,5.0,1232582400
A1RAUVCWYHTQI4,0142001805,3.0,1146614400
A2C27IQUH9N1Z,0142001805,4.0,1037577600
A1X8VZWTOG8IS6,0142001805,4.0,1208736000
A2CR57GAJKNWVV,0142001805,5.0,1081814400
A2QZVW56O4WSBT,0142001805,5.0,1318723200
A1T17LMQABMBN5,0142001805,5.0,1066867200
A1K1JW1C5CUSUZ,0142001805,5.0,1085443200
A1D2C0WDCSHUWZ,0142001805,4.0,1106438400
A4R8GJX3UZ1I,0142001805,5.0,1058313600
A3PGGI7A6XCNF1,0142001805,5.0,1037059200
A3BH49ZKESHDID,0142001805,5.0,1267488000
A30KEXFT9SILL6,0142001805,5.0,1226361600
AKB2PYODH0TKS,0142001805,4.0,1201737600
AFVQZQ8PW0L,0142001805,5.0,1016841600
A1RECBDKHVOJMW,0142001805,4.0,1078531200
A22B13EJTZKCTM,0142001805,5.0,1238371200
A2I6MHMAZZDCRX,0142001805,4.0,1077408000
A319KYEIAZ3SON,0142001805,5.0,1018915200
A2F3M93RRLFQNJ,0142001805,4.0,1049068800
A2EDZH51XHFA9B,0142001805,3.0,1156377600
AJDYDG7YZY9QL,0142001805,4.0,1082246400
A3R19YKNL641X3,0142001805,4.0,1190505600
A1RAUVCWYHTQI4,0142004030,2.0,1147824000
A2C27IQUH9N1Z,0142004030,5.0,1049587200
A1X8VZWTOG8IS6,0142004030,3.0,1208736000
A2CR57GAJKNWVV,0142004030,5.0,1083628800
A2QZVW56O4WSBT,0142004030,5.0,1322265600
A1K1JW1C5CUSUZ,0142004030,5.0,1085875200
A1D2C0WDCSHUWZ,0142004030,5.0,1049068800
A4R8GJX3UZ1I,0142004030,5.0,1078704000
A3PGGI7A6XCNF1,0142004030,5.0,1078790400
A3BH49ZKESHDID,0142004030,5.0,1267747200
AKB2PYODH0TKS,0142004030,4.0,1204934400
AFVQZQ8PW0L,0142004030,5.0,1049414400
A1RECBDKHVOJMW,0142004030,5.0,1109635200
A2DSXA1E02C86D,0142004030,5.0,1142899200
A22B13EJTZKCTM,0142004030,5.0,1288742400
A3NLJZI5NEOT0K,0142004030,4.0,1099180800
A2VG0RY3EUWZKB,0142004030,5.0,1056931200
A319KYEIAZ3SON,0142004030,4.0,1049673600
A2F3M93RRLFQNJ,0142004030,4.0,1052438400
A2EDZH51XHFA9B,0142004030,3.0,1238371200
A21NVBFIEQWDSG,0142004332,5.0,1199750400
A1RAUVCWYHTQI4,0142004332,3.0,1142640000
AXSH6O4OP5L4M,0142004332,5.0,1217116800
A2QZVW56O4WSBT,0142004332,5.0,1395014400
A39ABKRS1MKFTW,0142004332,3.0,1168214400
A3KRBW13FWBUH,0142004332,5.0,1392940800
A2B1GZIRD6W646,0142004332,5.0,1142208000
AKB2PYODH0TKS,0142004332,4.0,1157155200
A3A6GXILVT9JNW,0142004332,5.0,1268092800
A2SI6BNK5SWSMD,0142004332,3.0,1113091200
A2VG0RY3EUWZKB,0142004332,3.0,1065139200
A2GBJQ9THOYDAJ,0142004332,4.0,1074211200
A3IJHV3XZZEED5,0142004332,5.0,1348963200
A186ZAYP2L4CDZ,0142004332,3.0,1279670400
AN8C7BGR98HLN,0142004332,5.0,1329004800
A2O5RT4RCC4NU2,0142004332,5.0,1360800000
A232HUAELH5J6V,0142004332,4.0,1323993600
A2ODBHT4URXVXQ,0142004332,4.0,1061856000
A1N1YEMTI9DJ86,0142004332,5.0,1370390400
A5GYYHY2KI5CI,0142004332,4.0,1055376000
A27R2V3WLS43LP,014241591X,3.0,1255219200
A3U7ELIED4WP4R,014241591X,5.0,1339286400
AFVQZQ8PW0L,014241591X,5.0,1255132800
A1DYMH30TSRONY,014241591X,4.0,1271894400
ABMX8XUNPR3LP,014241591X,5.0,1304294400
A2TSTJP0B3A3H5,014241591X,5.0,1261094400
A22B13EJTZKCTM,014241591X,4.0,1335830400
A11L3YX5WIDKJ,014241591X,5.0,1373068800
AX9C10JD538D9,014241591X,4.0,1301097600
AOKGRSAS5VNS3,014241591X,4.0,1257638400
A14OJS0VWMOSWO,014241591X,5.0,1268870400
A2X6WMYTYRE130,014241591X,5.0,1330992000
A126YLPKFPNQDS,014241591X,5.0,1263686400
AFVZXHIUSXINA,014241591X,5.0,1256515200
A2TX179XAT5GRP,014241591X,5.0,1264464000
A3TAF7M58DN46F,014241591X,4.0,1374451200
A1D5RCOILPC9LX,014241591X,4.0,1265760000
A2C27IQUH9N1Z,014242207X,5.0,1376006400
AISUSPFYY68RO,014242207X,5.0,1332633600
A2H44WVZS59KKT,014242207X,4.0,1334448000
A3U7ELIED4WP4R,014242207X,5.0,1329609600
AFVQZQ8PW0L,014242207X,5.0,1327536000
A1IU7S4HCK1XK0,014242207X,4.0,1382659200
A2TSTJP0B3A3H5,014242207X,4.0,1325116800
A2E3GFHUDNPYDH,014242207X,4.0,1376438400
A4SKIA2A7IDRX,014242207X,4.0,1379808000
A22B13EJTZKCTM,014242207X,3.0,1349222400
A11L3YX5WIDKJ,014242207X,5.0,1373846400
AX9C10JD538D9,014242207X,4.0,1335312000
A2TBZAC0XYHLIB,014242207X,4.0,1345248000
A2X6WMYTYRE130,014242207X,5.0,1325462400
A3PATLW8T3PQV7,014242207X,5.0,1324944000
A24ZMNWTW8AQUR,014242207X,5.0,1322524800
AFVZXHIUSXINA,014242207X,5.0,1326326400
A2F6N60Z96CAJI,0142429112,5.0,1298419200
AYT4FJYVCHYLE,0142429112,3.0,1299024000
A27R2V3WLS43LP,0142429112,3.0,1297123200
A3R9X003XW0LNR,0142429112,5.0,1347235200
A13OFOB1394G31,0142429112,3.0,1303862400
AFVQZQ8PW0L,0142429112,4.0,1297209600
ATK1PI2HWROER,0142429112,5.0,1355616000
A1X2URS71RRMMF,0142429112,5.0,1393891200
ABMX8XUNPR3LP,0142429112,5.0,1297900800
A20XM6F911RIDE,0142429112,5.0,1325721600
A6XR7Y415RPD0,0142429112,5.0,1301270400
A3NLJZI5NEOT0K,0142429112,2.0,1334275200
AOKGRSAS5VNS3,0142429112,4.0,1341705600
A3IJHV3XZZEED5,0142429112,4.0,1347926400
A2X6WMYTYRE130,0142429112,5.0,1346112000
A3U29LBT749HJ0,0142429112,2.0,1343865600
A36TDC5SGAN0EP,0142429112,5.0,1388966400
A2G09684ZOK8X2,0142429112,5.0,1306108800
A1POFVVXUZR3IQ,0142429112,4.0,1307836800
A20EEWWSFMZ1PN,0142437263,3.0,1281571200
A3KF4IP2MUS8QQ,0142437263,5.0,1040428800
ABN5K7K1TM1QA,0142437263,5.0,1162684800
A1K1JW1C5CUSUZ,0142437263,5.0,958262400
A1D2C0WDCSHUWZ,0142437263,5.0,1307491200
A1CHM200OEN65X,0142437263,5.0,1274918400
A328S9RN3U5M68,0142437263,5.0,1260576000
AFVQZQ8PW0L,0142437263,5.0,1261612800
A3FHAMLNGHCFU7,0142437263,4.0,981936000
A2AYSFGUP5VTY3,0142437263,5.0,1307145600
A12A08OL0TZY0W,0142437263,5.0,1116547200
A370Z6I5GBWU44,0142437263,4.0,1295827200
A2F540P3L6P5CL,0142437263,5.0,1184544000
A232HUAELH5J6V,0142437263,5.0,1328659200
AUM3YMZ0YRJE0,0142437263,5.0,1056153600
AHD101501WCN1,0142437263,5.0,1102377600
A1N1YEMTI9DJ86,0142437263,5.0,1105920000
A96K1ZGW56S2I,0142437263,5.0,1036713600
A2S166WSCFIFP5,0142800821,4.0,1103932800
A2F3SXHT6RBV81,0142800821,2.0,1106697600
AYT4FJYVCHYLE,0142800821,5.0,1089504000
A28WJUJF6D2ULA,0142800821,2.0,1126137600
A1E2NA2F4RTQ9B,0142800821,5.0,1326326400
A3GQKB1KF0CRPE,0142800821,3.0,1083456000
ABN5K7K1TM1QA,0142800821,4.0,1135382400
A1LACH6MLQWZ,0142800821,5.0,1389830400
AC1K4OQOZ90RS,0142800821,5.0,1102896000
A2VE83MZF98ITY,0142800821,5.0,1090627200
A328S9RN3U5M68,0142800821,4.0,1088553600
A9I40WFF40R4,0142800821,5.0,1084579200
A1DYMH30TSRONY,0142800821,5.0,1150934400
A680RUE1FDO8B,0142800821,5.0,1145059200
A18OBUSMXVE8R0,0142800821,5.0,1229644800
A2YXRT2XIJIO57,0142800821,4.0,1282867200
A22B13EJTZKCTM,0142800821,4.0,1198108800
A22RY8N8CNDF3A,0142800821,4.0,1155427200
A1MJMYLRTZ76ZX,0142800821,4.0,1107734400
AN8C7BGR98HLN,0142800821,3.0,1239926400
A2ODBHT4URXVXQ,0142800821,4.0,1086048000
A3OJAWIMUKNHTP,0142800821,5.0,1086652800
A281NPSIMI1C2R,0142800821,3.0,1204588800
A1XXJ6I7K2I7SI,0142800821,5.0,1081728000
A2EDZH51XHFA9B,0142800821,4.0,1100131200
AJDYDG7YZY9QL,0142800821,5.0,1093219200
A303U1MOXG5R1F,0142800821,4.0,1194048000
A3R19YKNL641X3,0142800821,5.0,1088726400
AUTBHG6070SL4,0142800821,5.0,1097366400
A1RAUVCWYHTQI4,0143034901,2.0,1108857600
AYT4FJYVCHYLE,0143034901,5.0,1092614400
A1T17LMQABMBN5,0143034901,4.0,1244937600
A2B1GZIRD6W646,0143034901,5.0,1127347200
A2NHD7LUXVGTD3,0143034901,5.0,1387238400
A13OFOB1394G31,0143034901,5.0,1183420800
A3PGGI7A6XCNF1,0143034901,5.0,1094515200
A30KEXFT9SILL6,0143034901,4.0,1191715200
A9I40WFF40R4,0143034901,5.0,1111795200
A1RECBDKHVOJMW,0143034901,4.0,1083715200
A2DSXA1E02C86D,0143034901,5.0,1297036800
A29NUB3P6YIWZG,0143034901,4.0,1167523200
A2SI6BNK5SWSMD,0143034901,5.0,1119052800
A319KYEIAZ3SON,0143034901,4.0,1127260800
A3IJHV3XZZEED5,0143034901,5.0,1361836800
AX54G5AL870Q8,0143034901,4.0,1107561600
A1F3DFRPGVEUI8,0143034901,3.0,1344211200
A20HMA36ESANHC,0143034901,2.0,1343606400
A1N1YEMTI9DJ86,0143034901,5.0,1261958400
A1D5RCOILPC9LX,0143034901,4.0,1360108800
A1POFVVXUZR3IQ,0143034901,5.0,1086652800
A21NVBFIEQWDSG,0143035304,4.0,1218067200
AXSH6O4OP5L4M,0143035304,5.0,1218931200
A2QZVW56O4WSBT,0143035304,5.0,1395705600
A39ABKRS1MKFTW,0143035304,4.0,1173139200
A3KRBW13FWBUH,0143035304,5.0,1393286400
A2B1GZIRD6W646,0143035304,4.0,1169683200
A3BH49ZKESHDID,0143035304,4.0,1157760000
AKB2PYODH0TKS,0143035304,4.0,1160265600
AFVQZQ8PW0L,0143035304,5.0,1089936000
A3A6GXILVT9JNW,0143035304,5.0,1268352000
A4SKIA2A7IDRX,0143035304,5.0,1349049600
A30TK6U7DNS82R,0143035304,4.0,1124841600
A2GBJQ9THOYDAJ,0143035304,4.0,1096156800
A3IJHV3XZZEED5,0143035304,4.0,1376611200
AN8C7BGR98HLN,0143035304,3.0,1329004800
A2O5RT4RCC4NU2,0143035304,4.0,1361145600
A232HUAELH5J6V,0143035304,4.0,1325030400
A1N1YEMTI9DJ86,0143035304,4.0,1370995200
A5GYYHY2KI5CI,0143035304,5.0,1085097600
AXSH6O4OP5L4M,0143036556,5.0,1113004800
A55MRYPUAX4QU,0143036556,3.0,1130716800
ABN5K7K1TM1QA,0143036556,5.0,1133568000
A1K1JW1C5CUSUZ,0143036556,3.0,1110153600
A2B9Y0WXNSN17U,0143036556,4.0,1109635200
A1GARI2JT6EAWA,0143036556,5.0,1138752000
AQZH7YTWQPOBE,0143036556,5.0,1124150400
A1XIDKCJ7SOVXP,0143036556,1.0,1228003200
A1LKSZ9CYJ6829,0143036556,4.0,1376956800
A2TUA4VWCMNXI,0143036556,5.0,1107388800
AKT8TGIT6VVZ5,0143036556,4.0,1114819200
A2AYSFGUP5VTY3,0143036556,2.0,1307232000
AQ3540NJNST0C,0143036556,4.0,1165968000
A22RY8N8CNDF3A,0143036556,5.0,1135641600
A1MJMYLRTZ76ZX,0143036556,5.0,1107907200
A34UTL4AVX80MK,0143036556,5.0,1203379200
A1S8AJIUIO6M9K,0143036556,5.0,1172448000
A1NATT3PN24QWY,0143036556,5.0,1234742400
A2Z4KA3EFQWZOX,0143036556,3.0,1114128000
AHD101501WCN1,0143036556,4.0,1106265600
A1S60W4KWFX1Y9,0143036556,1.0,1246492800
A21NVBFIEQWDSG,0143037145,5.0,1154390400
AIEEK7AHXKZCC,0143037145,3.0,1126569600
A2PWUIQG57O1AZ,0143037145,4.0,1176076800
A2F6N60Z96CAJI,0143037145,5.0,1122940800
AYT4FJYVCHYLE,0143037145,4.0,1159401600
A1BI8PUEHA5CHW,0143037145,4.0,1158710400
A2QZVW56O4WSBT,0143037145,5.0,1308355200
AFVQZQ8PW0L,0143037145,4.0,1150588800
A1DYMH30TSRONY,0143037145,3.0,1178841600
A2E3GFHUDNPYDH,0143037145,2.0,1155427200
A1IOJE0W1NXOSE,0143037145,4.0,1215820800
A1L43KWWR05PCS,0143037145,3.0,1251331200
A34UTL4AVX80MK,0143037145,3.0,1246492800
A3IJHV3XZZEED5,0143037145,2.0,1270684800
A3T0OTH5072YRE,0143037145,2.0,1316304000
A3Z9QN0RCOHEY,0143037145,3.0,1124496000
AX54G5AL870Q8,0143037145,4.0,1124496000
AHD101501WCN1,0143037145,4.0,1200096000
A3MV1KKHX51FYT,0143038281,4.0,1147046400
A2ICKSJ6T7WIBO,0143038281,3.0,1210377600
A1G37DFO8MQW0M,0143038281,4.0,1231113600
A39ABKRS1MKFTW,0143038281,5.0,1184025600
A2B9Y0WXNSN17U,0143038281,4.0,1156464000
A3EQQP0LD4Z375,0143038281,2.0,1143936000
A2VE83MZF98ITY,0143038281,5.0,1143158400
A1LKSZ9CYJ6829,0143038281,3.0,1144022400
A2TUA4VWCMNXI,0143038281,5.0,1145145600
A3OJFPKMCXKOM0,0143038281,4.0,1215388800
A22RY8N8CNDF3A,0143038281,5.0,1144022400
A12A08OL0TZY0W,0143038281,5.0,1177200000
A1S8AJIUIO6M9K,0143038281,5.0,1143590400
A16QODENBJVUI1,0143038281,5.0,1142899200
A1NATT3PN24QWY,0143038281,5.0,1183420800
A2Z4KA3EFQWZOX,0143038281,3.0,1147132800
AHD101501WCN1,0143038281,4.0,1142985600
AJDYDG7YZY9QL,0143038281,5.0,1147564800
A1S60W4KWFX1Y9,0143038281,5.0,1186358400
A2F6N60Z96CAJI,0143058754,4.0,1150329600
A1BI8PUEHA5CHW,0143058754,4.0,1166313600
A24H4WUFUDPTAA,0143058754,4.0,1152057600
A11B61QBGHLQDN,0143058754,5.0,1172793600
A39ABKRS1MKFTW,0143058754,4.0,1175385600
A1CHM200OEN65X,0143058754,4.0,1149033600
A3PGGI7A6XCNF1,0143058754,5.0,1166054400
A3BH49ZKESHDID,0143058754,5.0,1230336000
A1DYMH30TSRONY,0143058754,5.0,1161561600
A680RUE1FDO8B,0143058754,5.0,1158105600
A1LKSZ9CYJ6829,0143058754,4.0,1193529600
A9LAPV8XNKZVZ,0143058754,4.0,1164672000
AKT8TGIT6VVZ5,0143058754,5.0,1154908800
A2E3GFHUDNPYDH,0143058754,4.0,1167091200
AQ3540NJNST0C,0143058754,4.0,1165968000
A22RY8N8CNDF3A,0143058754,4.0,1153440000
A2VG0RY3EUWZKB,0143058754,5.0,1147219200
A34UTL4AVX80MK,0143058754,5.0,1155081600
A2F3M93RRLFQNJ,0143058754,5.0,1152230400
A1XXJ6I7K2I7SI,0143058754,5.0,1150848000
A1RMHZSWZ7ZEQO,0143058754,5.0,1153180800
AQQLWCMRNDFGI,0143058754,5.0,1165622400
A2AYSFGUP5VTY3,0143113496,3.0,1307750400
A3Z9QN0RCOHEY,0143113496,4.0,1358380800
A3IJHV3XZZEED5,0143113496,5.0,1352332800
A2C27IQUH9N1Z,0143113496,5.0,1285459200
A4SKIA2A7IDRX,0143113496,5.0,1374537600
A1N1YEMTI9DJ86,0143113496,2.0,1219968000
AYT4FJYVCHYLE,0143113496,5.0,1221696000
A2MF2QVSCUI27G,0143113496,4.0,1231113600
AUEY946M1L939,0143113496,3.0,1236556800
A3PGGI7A6XCNF1,0143113496,5.0,1216598400
A21NVBFIEQWDSG,0143113496,5.0,1196726400
A2F6N60Z96CAJI,0143113496,5.0,1214784000
A2MF4TISBBQT5A,0143113496,3.0,1238025600
A27R2V3WLS43LP,0143113496,4.0,1218758400
A1K1JW1C5CUSUZ,0143113496,5.0,1180915200
A1DYMH30TSRONY,0143113496,4.0,1230336000
A1LKSZ9CYJ6829,0143113496,5.0,1294617600
A2E3GFHUDNPYDH,0143113496,3.0,1187308800
A2VG0RY3EUWZKB,0143113496,4.0,1179619200
A2EDZH51XHFA9B,0143113496,4.0,1288742400
A8IPQ1Q1O7YX5,0143113496,5.0,1340496000
A1D5RCOILPC9LX,0143113496,3.0,1232409600
A2PWUIQG57O1AZ,0143115006,5.0,1222214400
A2F6N60Z96CAJI,0143115006,4.0,1200182400
A1BI8PUEHA5CHW,0143115006,3.0,1212364800
A2MF4TISBBQT5A,0143115006,5.0,1317254400
A39ABKRS1MKFTW,0143115006,5.0,1202083200
AC1K4OQOZ90RS,0143115006,5.0,1199059200
AFVQZQ8PW0L,0143115006,5.0,1199059200
A1RECBDKHVOJMW,0143115006,5.0,1241827200
A1DYMH30TSRONY,0143115006,5.0,1202860800
A3NLJZI5NEOT0K,0143115006,4.0,1258070400
APTVNT7U6RZC3,0143115006,3.0,1391040000
A2MF2QVSCUI27G,0143115006,4.0,1199145600
A3IJHV3XZZEED5,0143115006,3.0,1388016000
A1RMHZSWZ7ZEQO,0143115006,3.0,1203120000
A8IPQ1Q1O7YX5,0143115006,3.0,1236988800
A1F3DFRPGVEUI8,0143115006,4.0,1207612800
A23MAG8UKFL0QW,0143115006,5.0,1233187200
AITIU2DG1MM4A,0143115006,5.0,1236124800
A2X29H96X7C3XJ,0143142356,4.0,1193702400
AYT4FJYVCHYLE,0143142356,5.0,1199750400
A28WJUJF6D2ULA,0143142356,5.0,1201737600
A2B1GZIRD6W646,0143142356,5.0,1281398400
A2NHD7LUXVGTD3,0143142356,4.0,1248825600
A1K1JW1C5CUSUZ,0143142356,4.0,1193961600
A1DYMH30TSRONY,0143142356,4.0,1218758400
A2DSXA1E02C86D,0143142356,5.0,1328227200
A1IOJE0W1NXOSE,0143142356,3.0,1219363200
A11L3YX5WIDKJ,0143142356,5.0,1373587200
A3VMCKYN22X0CO,0143142356,5.0,1195516800
A1L43KWWR05PCS,0143142356,5.0,1203206400
A3NLJZI5NEOT0K,0143142356,5.0,1197849600
A2MF2QVSCUI27G,0143142356,4.0,1196899200
A13G1TKIKHGV3F,0143142356,2.0,1196294400
A3U29LBT749HJ0,0143142356,4.0,1194393600
A232HUAELH5J6V,0143142356,1.0,1325548800
AQQLWCMRNDFGI,0143142356,5.0,1310774400
A2PWUIQG57O1AZ,0143142372,5.0,1001635200
A1BI8PUEHA5CHW,0143142372,4.0,982713600
A39ABKRS1MKFTW,0143142372,4.0,1221004800
A28WJUJF6D2ULA,0143142372,5.0,1126483200
A2NHD7LUXVGTD3,0143142372,5.0,1163289600
A36K2N527TXXJN,0143142372,4.0,1315440000
A3BH49ZKESHDID,0143142372,5.0,901497600
A1G9FX1KV45N41,0143142372,5.0,1254960000
A1DYMH30TSRONY,0143142372,4.0,1190332800
A222LQEPE7O7BV,0143142372,5.0,1018483200
A1IOJE0W1NXOSE,0143142372,5.0,1217376000
A22B13EJTZKCTM,0143142372,4.0,1399766400
A11L3YX5WIDKJ,0143142372,5.0,1373587200
A1L43KWWR05PCS,0143142372,5.0,1210723200
A2GBJQ9THOYDAJ,0143142372,5.0,1203379200
A2F540P3L6P5CL,0143142372,1.0,1173830400
A3T0OTH5072YRE,0143142372,5.0,1319241600
A3Z9QN0RCOHEY,0143142372,5.0,1283731200
A3U29LBT749HJ0,0143142372,5.0,1148774400
A232HUAELH5J6V,0143142372,5.0,1323216000
A126KX6FVI4T66,0143142372,4.0,1172793600
A36TDC5SGAN0EP,0143142372,4.0,1237593600
AQQLWCMRNDFGI,0143142372,5.0,1307577600
A2L7N2U5Z316ZE,0143142372,5.0,1268438400
AITIU2DG1MM4A,0143142372,5.0,1281225600
A2ICKSJ6T7WIBO,0143170090,5.0,1322092800
A2C27IQUH9N1Z,0143170090,5.0,1281571200
A2X29H96X7C3XJ,0143170090,5.0,1258156800
A39650P2CZUUC9,0143170090,5.0,1291507200
AISUSPFYY68RO,0143170090,5.0,1283558400
AYT4FJYVCHYLE,0143170090,5.0,1242777600
A2H44WVZS59KKT,0143170090,5.0,1278720000
A1G37DFO8MQW0M,0143170090,5.0,1279584000
A39ABKRS1MKFTW,0143170090,5.0,1243209600
A2B1GZIRD6W646,0143170090,5.0,1270771200
A2NHD7LUXVGTD3,0143170090,5.0,1277337600
A1K1JW1C5CUSUZ,0143170090,5.0,1227571200
A36K2N527TXXJN,0143170090,5.0,1317254400
A1D2C0WDCSHUWZ,0143170090,4.0,1365379200
AC1K4OQOZ90RS,0143170090,4.0,1258934400
A4R8GJX3UZ1I,0143170090,4.0,1227916800
A3BH49ZKESHDID,0143170090,5.0,1237593600
A30KEXFT9SILL6,0143170090,5.0,1253404800
AKB2PYODH0TKS,0143170090,5.0,1263427200
AFVQZQ8PW0L,0143170090,4.0,1221696000
A2KWQ64TRHB3YH,0143170090,5.0,1280707200
A1XIDKCJ7SOVXP,0143170090,4.0,1261785600
ATK1PI2HWROER,0143170090,5.0,1261958400
A1CNQTCRQ35IMM,0143170090,5.0,1279929600
A1DYMH30TSRONY,0143170090,4.0,1248912000
A1LKSZ9CYJ6829,0143170090,4.0,1250726400
A9LAPV8XNKZVZ,0143170090,4.0,1263600000
A1RY8R18NEO9AA,0143170090,4.0,1278288000
A2AYSFGUP5VTY3,0143170090,3.0,1308960000
A2E3GFHUDNPYDH,0143170090,4.0,1269734400
A1IOJE0W1NXOSE,0143170090,4.0,1269043200
A22B13EJTZKCTM,0143170090,3.0,1270598400
A11L3YX5WIDKJ,0143170090,5.0,1373846400
A3OL1AX1IODBYL,0143170090,4.0,1296950400
A29NUB3P6YIWZG,0143170090,5.0,1277424000
A3NLJZI5NEOT0K,0143170090,5.0,1270944000
A2SI6BNK5SWSMD,0143170090,3.0,1257724800
APTVNT7U6RZC3,0143170090,4.0,1315180800
A25KKXUQQ0OLWB,0143170090,3.0,1245888000
A2VG0RY3EUWZKB,0143170090,5.0,1221523200
A34UTL4AVX80MK,0143170090,4.0,1270425600
A319KYEIAZ3SON,0143170090,5.0,1222732800
A13G1TKIKHGV3F,0143170090,1.0,1275436800
A2GBJQ9THOYDAJ,0143170090,4.0,1293580800
A3IJHV3XZZEED5,0143170090,4.0,1325894400
A3Z9QN0RCOHEY,0143170090,4.0,1325203200
AN8C7BGR98HLN,0143170090,4.0,1311033600
A3U29LBT749HJ0,0143170090,4.0,1351468800
A232HUAELH5J6V,0143170090,5.0,1312934400
A2UIXU97JYCPZG,0143170090,4.0,1246752000
A1RMHZSWZ7ZEQO,0143170090,4.0,1243468800
A4FX5YCJA630V,0143170090,3.0,1303344000
A21VR7M8O55EF6,0143170090,5.0,1292803200
AS6SH2JM2YY3H,0143170090,4.0,1297555200
A36TDC5SGAN0EP,0143170090,4.0,1298592000
A1N1YEMTI9DJ86,0143170090,5.0,1248134400
A2G09684ZOK8X2,0143170090,5.0,1332374400
AKPKPMWM6IIU5,0143170090,3.0,1237507200
AQQLWCMRNDFGI,0143170090,5.0,1276128000
A3R19YKNL641X3,0143170090,5.0,1285459200
A2E9HDZXQORZLA,0143170090,4.0,1339545600
A1D5RCOILPC9LX,0143170090,5.0,1282953600
A2X29H96X7C3XJ,0143170104,4.0,1266624000
A39650P2CZUUC9,0143170104,5.0,1293321600
A2F6N60Z96CAJI,0143170104,5.0,1253059200
AISUSPFYY68RO,0143170104,5.0,1283558400
AYT4FJYVCHYLE,0143170104,5.0,1245715200
A2MF4TISBBQT5A,0143170104,5.0,1249603200
A1G37DFO8MQW0M,0143170104,5.0,1279929600
A39ABKRS1MKFTW,0143170104,5.0,1244505600
A2B1GZIRD6W646,0143170104,4.0,1277942400
A2NHD7LUXVGTD3,0143170104,5.0,1280707200
A1K1JW1C5CUSUZ,0143170104,5.0,1249862400
A36K2N527TXXJN,0143170104,5.0,1287187200
A1D2C0WDCSHUWZ,0143170104,5.0,1279497600
AC1K4OQOZ90RS,0143170104,4.0,1259280000
A4R8GJX3UZ1I,0143170104,5.0,1244160000
A3BH49ZKESHDID,0143170104,5.0,1249603200
A30KEXFT9SILL6,0143170104,4.0,1270252800
A3M174IC0VXOS2,0143170104,5.0,1293494400
A2PR6NXG0PA3KY,0143170104,2.0,1297468800
AFVQZQ8PW0L,0143170104,5.0,1249084800
A2KWQ64TRHB3YH,0143170104,5.0,1279152000
ATK1PI2HWROER,0143170104,5.0,1272412800
A1CNQTCRQ35IMM,0143170104,5.0,1280966400
A1DYMH30TSRONY,0143170104,4.0,1278460800
A1LKSZ9CYJ6829,0143170104,4.0,1252800000
A9LAPV8XNKZVZ,0143170104,5.0,1264377600
A11L3YX5WIDKJ,0143170104,3.0,1373846400
A29NUB3P6YIWZG,0143170104,4.0,1278374400
A3NLJZI5NEOT0K,0143170104,5.0,1274400000
APTVNT7U6RZC3,0143170104,5.0,1316995200
AOKGRSAS5VNS3,0143170104,4.0,1317513600
A25KKXUQQ0OLWB,0143170104,4.0,1245888000
A34UTL4AVX80MK,0143170104,5.0,1288483200
A319KYEIAZ3SON,0143170104,4.0,1243900800
A3IJHV3XZZEED5,0143170104,5.0,1338940800
A3Z9QN0RCOHEY,0143170104,4.0,1326153600
AHUT55E980RDR,0143170104,5.0,1243814400
A232HUAELH5J6V,0143170104,5.0,1313193600
A3QVAKVRAH657N,0143170104,2.0,1246147200
A324NNSMM9EFML,0143170104,5.0,1251676800
A2UIXU97JYCPZG,0143170104,3.0,1249084800
A1RMHZSWZ7ZEQO,0143170104,5.0,1251763200
A4FX5YCJA630V,0143170104,4.0,1312156800
AS6SH2JM2YY3H,0143170104,5.0,1321747200
A36TDC5SGAN0EP,0143170104,4.0,1300665600
A1N1YEMTI9DJ86,0143170104,4.0,1259971200
A2G09684ZOK8X2,0143170104,5.0,1332460800
AKPKPMWM6IIU5,0143170104,4.0,1255478400
AQQLWCMRNDFGI,0143170104,5.0,1276214400
A3R19YKNL641X3,0143170104,4.0,1285977600
A1D5RCOILPC9LX,0143170104,5.0,1282953600
A39650P2CZUUC9,0151008116,5.0,1235779200
AYT4FJYVCHYLE,0151008116,5.0,1037491200
A1BI8PUEHA5CHW,0151008116,5.0,1202428800
A24H4WUFUDPTAA,0151008116,5.0,1215561600
A2QZVW56O4WSBT,0151008116,5.0,1356998400
A1T17LMQABMBN5,0151008116,5.0,1078531200
A11B61QBGHLQDN,0151008116,2.0,1073952000
A39ABKRS1MKFTW,0151008116,4.0,1080777600
A1K1JW1C5CUSUZ,0151008116,5.0,1084233600
AC1K4OQOZ90RS,0151008116,4.0,1067212800
A4R8GJX3UZ1I,0151008116,5.0,1026172800
AQZH7YTWQPOBE,0151008116,3.0,1372118400
A1CHM200OEN65X,0151008116,5.0,1194652800
AFVQZQ8PW0L,0151008116,5.0,1029974400
A1CNQTCRQ35IMM,0151008116,5.0,1235001600
A2O9HU1K7TCF7B,0151008116,4.0,1313971200
AKT8TGIT6VVZ5,0151008116,4.0,1069977600
A1IOJE0W1NXOSE,0151008116,5.0,1084060800
A29NUB3P6YIWZG,0151008116,5.0,1055116800
APTVNT7U6RZC3,0151008116,5.0,1246060800
A12A08OL0TZY0W,0151008116,3.0,1154908800
A34UTL4AVX80MK,0151008116,5.0,1114819200
A14OJS0VWMOSWO,0151008116,5.0,1196553600
A3T0OTH5072YRE,0151008116,3.0,1315612800
A2F3M93RRLFQNJ,0151008116,5.0,1050019200
A3QVAKVRAH657N,0151008116,5.0,1031356800
A2ODBHT4URXVXQ,0151008116,5.0,1041120000
AX54G5AL870Q8,0151008116,4.0,1060473600
A4FX5YCJA630V,0151008116,5.0,1113868800
A1F3DFRPGVEUI8,0151008116,5.0,1234483200
AITIU2DG1MM4A,0151008116,5.0,1045440000
A1D5RCOILPC9LX,0151008116,5.0,1246924800
A14R9XMZVJ6INB,015206396X,4.0,1219622400
A21NVBFIEQWDSG,015206396X,5.0,1222387200
A1S3C5OFU508P3,015206396X,5.0,1218412800
A3U7ELIED4WP4R,015206396X,5.0,1339200000
A2IIB10X0CECYV,015206396X,2.0,1236470400
A1CNQTCRQ35IMM,015206396X,3.0,1355875200
A3UV7L5ND3EH8T,015206396X,5.0,1235952000
A1DYMH30TSRONY,015206396X,4.0,1263168000
ABMX8XUNPR3LP,015206396X,4.0,1269129600
A22B13EJTZKCTM,015206396X,5.0,1334620800
A11L3YX5WIDKJ,015206396X,5.0,1373068800
AX9C10JD538D9,015206396X,4.0,1301097600
A25KKXUQQ0OLWB,015206396X,2.0,1373241600
A14OJS0VWMOSWO,015206396X,5.0,1253059200
A126YLPKFPNQDS,015206396X,5.0,1229212800
AQ6AGWKWMTY8H,015206396X,3.0,1266192000
A2VCGJLKGK2WJJ,015206396X,3.0,1226361600
A4FX5YCJA630V,015206396X,5.0,1287273600
A2SY92ZXU2FOEU,015206396X,5.0,1217289600
A2TX179XAT5GRP,015206396X,5.0,1220400000
AAR8E3JF9K93P,015206396X,4.0,1229731200
A1D5RCOILPC9LX,015206396X,4.0,1265760000
A2F6N60Z96CAJI,0230014801,5.0,1197244800
AYT4FJYVCHYLE,0230014801,5.0,1201132800
A24H4WUFUDPTAA,0230014801,5.0,1198195200
A1G37DFO8MQW0M,0230014801,5.0,1300147200
A39ABKRS1MKFTW,0230014801,4.0,1199059200
A2B1GZIRD6W646,0230014801,5.0,1360713600
A1K1JW1C5CUSUZ,0230014801,5.0,1196812800
AC1K4OQOZ90RS,0230014801,5.0,1197504000
A3BH49ZKESHDID,0230014801,5.0,1196640000
AFVQZQ8PW0L,0230014801,5.0,1196985600
A1IOJE0W1NXOSE,0230014801,5.0,1197849600
A3NLJZI5NEOT0K,0230014801,5.0,1213574400
A2SI6BNK5SWSMD,0230014801,3.0,1262563200
A2GBJQ9THOYDAJ,0230014801,3.0,1207872000
A2F3M93RRLFQNJ,0230014801,5.0,1232841600
AN8C7BGR98HLN,0230014801,5.0,1199750400
AS6SH2JM2YY3H,0230014801,5.0,1198195200
A1F3DFRPGVEUI8,0230014801,4.0,1266192000
A1N1YEMTI9DJ86,0230014801,5.0,1200355200
A23MAG8UKFL0QW,0230014801,4.0,1215129600
A1XRQ6YJ7HXQFQ,0230014801,4.0,1199923200
A3R19YKNL641X3,0230014801,4.0,1205798400
A2F6N60Z96CAJI,023070932X,5.0,1260230400
AYT4FJYVCHYLE,023070932X,4.0,1267142400
A1G37DFO8MQW0M,023070932X,4.0,1296259200
A39ABKRS1MKFTW,023070932X,3.0,1271808000
A2B1GZIRD6W646,023070932X,3.0,1299196800
A3R9X003XW0LNR,023070932X,3.0,1268438400
A1K1JW1C5CUSUZ,023070932X,5.0,1260576000
A2RQ0AT4XZUIXL,023070932X,4.0,1263686400
A1GARI2JT6EAWA,023070932X,5.0,1280620800
AC1K4OQOZ90RS,023070932X,5.0,1259625600
A3BH49ZKESHDID,023070932X,5.0,1260316800
A3M174IC0VXOS2,023070932X,4.0,1261612800
A2KWQ64TRHB3YH,023070932X,5.0,1267401600
A1IOJE0W1NXOSE,023070932X,5.0,1261094400
A3OL1AX1IODBYL,023070932X,5.0,1261094400
A3NLJZI5NEOT0K,023070932X,5.0,1267401600
A2GBJQ9THOYDAJ,023070932X,4.0,1269129600
AN8C7BGR98HLN,023070932X,5.0,1260748800
A1F3DFRPGVEUI8,023070932X,5.0,1260748800
A1N1YEMTI9DJ86,023070932X,4.0,1261353600
AKPKPMWM6IIU5,023070932X,3.0,1292889600
AQQLWCMRNDFGI,023070932X,5.0,1260230400
A1XRQ6YJ7HXQFQ,023070932X,4.0,1265068800
A3R19YKNL641X3,023070932X,4.0,1269648000
A30H2335OM7RD6,0261103288,5.0,1309564800
A2C27IQUH9N1Z,0261103288,5.0,1043712000
A20EEWWSFMZ1PN,0261103288,5.0,1261872000
A20IIR0422G3A5,0261103288,4.0,1114473600
AYT4FJYVCHYLE,0261103288,5.0,982627200
A1BI8PUEHA5CHW,0261103288,5.0,1011225600
A1T17LMQABMBN5,0261103288,5.0,1075420800
A28WJUJF6D2ULA,0261103288,5.0,1128384000
A1MC6BFHWY6WC3,0261103288,5.0,1339372800
A1GARI2JT6EAWA,0261103288,2.0,1348272000
A1D2C0WDCSHUWZ,0261103288,5.0,1350864000
A4R8GJX3UZ1I,0261103288,4.0,1017878400
AQZH7YTWQPOBE,0261103288,5.0,1314144000
A1DA6E4FNRSAWN,0261103288,3.0,1119052800
A1G9FX1KV45N41,0261103288,5.0,1082851200
A3FHAMLNGHCFU7,0261103288,5.0,1043971200
A1RECBDKHVOJMW,0261103288,5.0,1059264000
A2TUA4VWCMNXI,0261103288,5.0,1351382400
AKT8TGIT6VVZ5,0261103288,5.0,1030665600
A4SKIA2A7IDRX,0261103288,5.0,1384732800
A22B13EJTZKCTM,0261103288,5.0,1336089600
A2NJO6YE954DBH,0261103288,5.0,1041638400
A2I6MHMAZZDCRX,0261103288,4.0,1005264000
A370Z6I5GBWU44,0261103288,3.0,1334361600
A13G1TKIKHGV3F,0261103288,5.0,1268006400
A3NIQK6ZLYEP1L,0261103288,4.0,1298592000
A3T0OTH5072YRE,0261103288,3.0,1297641600
A2F3M93RRLFQNJ,0261103288,5.0,1017705600
A2O5RT4RCC4NU2,0261103288,5.0,1224288000
A37XGUQ1VH0XM6,0261103288,5.0,1228348800
A2AIE9DO5QSVBD,0261103288,4.0,1321660800
A3R19YKNL641X3,0261103288,5.0,1248480000
A1POFVVXUZR3IQ,0261103288,5.0,1350518400
A30H2335OM7RD6,0307245306,5.0,1238284800
AYT4FJYVCHYLE,0307245306,3.0,1185840000
A3R9X003XW0LNR,0307245306,5.0,1247702400
A2NHD7LUXVGTD3,0307245306,3.0,1280361600
A1D2C0WDCSHUWZ,0307245306,4.0,1263254400
A2HVL790PBWYTU,0307245306,4.0,1220745600
A1CNQTCRQ35IMM,0307245306,2.0,1299024000
ABMX8XUNPR3LP,0307245306,5.0,1266192000
A2E3GFHUDNPYDH,0307245306,5.0,1230249600
A22B13EJTZKCTM,0307245306,4.0,1205280000
A3ICDLUQ3V2QY2,0307245306,5.0,1262908800
A1LI7KZH6VHPAQ,0307245306,5.0,1127433600
A2I6MHMAZZDCRX,0307245306,5.0,1263427200
A1U360OMVQRPUB,0307245306,5.0,1176595200
A232HUAELH5J6V,0307245306,4.0,1312070400
AQ6AGWKWMTY8H,0307245306,4.0,1255910400
A2AIE9DO5QSVBD,0307245306,5.0,1343779200
A4FX5YCJA630V,0307245306,4.0,1278806400
A8710RWTFG3IY,0307264556,4.0,1355788800
A21NVBFIEQWDSG,0307264556,5.0,1211328000
A2F6N60Z96CAJI,0307264556,5.0,1155513600
A1BI8PUEHA5CHW,0307264556,5.0,1196553600
A39ABKRS1MKFTW,0307264556,3.0,1166140800
A1K1JW1C5CUSUZ,0307264556,4.0,1180051200
A2RQ0AT4XZUIXL,0307264556,3.0,1161993600
AC1K4OQOZ90RS,0307264556,4.0,1193529600
A1CNQTCRQ35IMM,0307264556,5.0,1310947200
A2E3GFHUDNPYDH,0307264556,4.0,1377129600
A1IOJE0W1NXOSE,0307264556,3.0,1181433600
A22RY8N8CNDF3A,0307264556,3.0,1172361600
A14OJS0VWMOSWO,0307264556,5.0,1160870400
A186ZAYP2L4CDZ,0307264556,5.0,1186444800
AS6SH2JM2YY3H,0307264556,4.0,1157068800
AHD101501WCN1,0307264556,4.0,1157155200
A23MAG8UKFL0QW,0307264556,4.0,1198195200
A303U1MOXG5R1F,0307264556,4.0,1194048000
A3R19YKNL641X3,0307264556,5.0,1167091200
A55MRYPUAX4QU,0307265439,5.0,1261785600
A2F6N60Z96CAJI,0307265439,5.0,1165536000
AYT4FJYVCHYLE,0307265439,5.0,1162684800
A3NHUQ33CFH3VM,0307265439,2.0,1249344000
A28WJUJF6D2ULA,0307265439,4.0,1225152000
A1HA6KZZNDCME9,0307265439,5.0,1227484800
A1K1JW1C5CUSUZ,0307265439,4.0,1306540800
A36K2N527TXXJN,0307265439,5.0,1242345600
A1GARI2JT6EAWA,0307265439,4.0,1276214400
A1CHM200OEN65X,0307265439,5.0,1191715200
A30KEXFT9SILL6,0307265439,5.0,1216425600
A328S9RN3U5M68,0307265439,5.0,1163203200
AKB2PYODH0TKS,0307265439,4.0,1190505600
AFVQZQ8PW0L,0307265439,5.0,1159574400
A9I40WFF40R4,0307265439,5.0,1166486400
A1DYMH30TSRONY,0307265439,5.0,1270944000
ABMX8XUNPR3LP,0307265439,3.0,1262649600
A2O9HU1K7TCF7B,0307265439,5.0,1216944000
A9LAPV8XNKZVZ,0307265439,4.0,1185753600
AKT8TGIT6VVZ5,0307265439,5.0,1313712000
A2E3GFHUDNPYDH,0307265439,4.0,1182297600
A22B13EJTZKCTM,0307265439,3.0,1323820800
A29NUB3P6YIWZG,0307265439,5.0,1185753600
A2F3M93RRLFQNJ,0307265439,5.0,1172275200
A186ZAYP2L4CDZ,0307265439,5.0,1176508800
A2EDZH51XHFA9B,0307265439,5.0,1159833600
A16QODENBJVUI1,0307265439,5.0,1246147200
A21VR7M8O55EF6,0307265439,4.0,1178582400
A8IPQ1Q1O7YX5,0307265439,5.0,1247702400
A36TDC5SGAN0EP,0307265439,4.0,1265587200
A2Z4KA3EFQWZOX,0307265439,4.0,1176595200
A1DLVUJFANNU1Q,0307265439,4.0,1295136000
AITIU2DG1MM4A,0307265439,4.0,1163289600
A9LAPV8XNKZVZ,030726999X,4.0,1275264000
A39ABKRS1MKFTW,030726999X,5.0,1276992000
A30KEXFT9SILL6,030726999X,3.0,1284076800
A1D5RCOILPC9LX,030726999X,5.0,1282953600
ATK1PI2HWROER,030726999X,5.0,1277769600
A3BH49ZKESHDID,030726999X,4.0,1275177600
A3BFDEBT5IV4UN,030726999X,3.0,1270684800
A1LKSZ9CYJ6829,030726999X,4.0,1275609600
A2MF4TISBBQT5A,030726999X,4.0,1274745600
A29NUB3P6YIWZG,030726999X,4.0,1282953600
A3U29LBT749HJ0,030726999X,5.0,1277769600
AKPKPMWM6IIU5,030726999X,4.0,1273881600
A1K1JW1C5CUSUZ,030726999X,5.0,1276300800
A34UTL4AVX80MK,030726999X,5.0,1270944000
A2X29H96X7C3XJ,030726999X,4.0,1272758400
AISUSPFYY68RO,030726999X,4.0,1283558400
AYT4FJYVCHYLE,030726999X,5.0,1258675200
A1G37DFO8MQW0M,030726999X,5.0,1280361600
A2NHD7LUXVGTD3,030726999X,5.0,1282262400
A36K2N527TXXJN,030726999X,5.0,1288396800
AC1K4OQOZ90RS,030726999X,3.0,1270339200
A4R8GJX3UZ1I,030726999X,5.0,1299974400
AFVQZQ8PW0L,030726999X,5.0,1275091200
A1CNQTCRQ35IMM,030726999X,5.0,1280966400
A1DYMH30TSRONY,030726999X,4.0,1278633600
A2RPIGO3G4M6GN,030726999X,2.0,1325894400
A11L3YX5WIDKJ,030726999X,4.0,1373846400
A3NLJZI5NEOT0K,030726999X,3.0,1280707200
APTVNT7U6RZC3,030726999X,5.0,1317168000
AOKGRSAS5VNS3,030726999X,4.0,1317513600
A25KKXUQQ0OLWB,030726999X,5.0,1305158400
A2VG0RY3EUWZKB,030726999X,5.0,1275523200
A319KYEIAZ3SON,030726999X,5.0,1269216000
A3IJHV3XZZEED5,030726999X,5.0,1357776000
A232HUAELH5J6V,030726999X,5.0,1313798400
A324NNSMM9EFML,030726999X,5.0,1276560000
A1N1YEMTI9DJ86,030726999X,5.0,1298592000
AQQLWCMRNDFGI,030726999X,4.0,1276300800
A2F6N60Z96CAJI,0307270777,4.0,1229299200
A1G37DFO8MQW0M,0307270777,5.0,1305676800
A2B1GZIRD6W646,0307270777,5.0,1300147200
A1K1JW1C5CUSUZ,0307270777,4.0,1227571200
A1D2C0WDCSHUWZ,0307270777,5.0,1227398400
AC1K4OQOZ90RS,0307270777,4.0,1227830400
A3BH49ZKESHDID,0307270777,4.0,1244160000
A30KEXFT9SILL6,0307270777,4.0,1259366400
A3M174IC0VXOS2,0307270777,4.0,1227830400
AFVQZQ8PW0L,0307270777,5.0,1227312000
A2KWQ64TRHB3YH,0307270777,5.0,1243814400
A1DYMH30TSRONY,0307270777,4.0,1244160000
A3NLJZI5NEOT0K,0307270777,5.0,1243641600
A2GBJQ9THOYDAJ,0307270777,4.0,1383609600
AHUT55E980RDR,0307270777,4.0,1234396800
A8IPQ1Q1O7YX5,0307270777,4.0,1311638400
A1N1YEMTI9DJ86,0307270777,5.0,1223596800
AKPKPMWM6IIU5,0307270777,4.0,1229817600
A1XRQ6YJ7HXQFQ,0307270777,4.0,1235347200
A2ICKSJ6T7WIBO,0307272583,4.0,1284076800
A2X29H96X7C3XJ,0307272583,4.0,1281744000
AYT4FJYVCHYLE,0307272583,3.0,1284681600
A39ABKRS1MKFTW,0307272583,4.0,1284163200
A1K1JW1C5CUSUZ,0307272583,3.0,1284681600
A3PGGI7A6XCNF1,0307272583,5.0,1283817600
A3BH49ZKESHDID,0307272583,5.0,1307145600
A3M174IC0VXOS2,0307272583,4.0,1280620800
AFVQZQ8PW0L,0307272583,5.0,1280275200
AIO247KHD2O40,0307272583,3.0,1296000000
A9LAPV8XNKZVZ,0307272583,3.0,1282348800
A29NUB3P6YIWZG,0307272583,3.0,1349222400
A2TBZAC0XYHLIB,0307272583,3.0,1285200000
A14OJS0VWMOSWO,0307272583,5.0,1290038400
AN8C7BGR98HLN,0307272583,1.0,1291334400
A3U29LBT749HJ0,0307272583,3.0,1283904000
AKPKPMWM6IIU5,0307272583,3.0,1284076800
A3R19YKNL641X3,0307272583,4.0,1286582400
A21NVBFIEQWDSG,0307275167,4.0,1133136000
A2HM0BZWQRV1EF,0307275167,5.0,903830400
A39650P2CZUUC9,0307275167,4.0,1234569600
A1T17LMQABMBN5,0307275167,5.0,1050969600
ABN5K7K1TM1QA,0307275167,5.0,1098316800
AC1K4OQOZ90RS,0307275167,4.0,916531200
A1G9FX1KV45N41,0307275167,5.0,1396915200
A2PR6NXG0PA3KY,0307275167,3.0,1318809600
A1CNQTCRQ35IMM,0307275167,3.0,1378512000
AKT8TGIT6VVZ5,0307275167,5.0,1178755200
A2RPIGO3G4M6GN,0307275167,5.0,998697600
A1IOJE0W1NXOSE,0307275167,4.0,1080777600
A29NUB3P6YIWZG,0307275167,4.0,950659200
A12A08OL0TZY0W,0307275167,5.0,1136937600
A34UTL4AVX80MK,0307275167,5.0,1056758400
A370Z6I5GBWU44,0307275167,5.0,1252022400
A2GBJQ9THOYDAJ,0307275167,5.0,975369600
A3T0OTH5072YRE,0307275167,5.0,1293408000
A1MR1VMK999I6O,0307275639,5.0,996105600
A39650P2CZUUC9,0307275639,5.0,1234483200
A1BI8PUEHA5CHW,0307275639,5.0,1035849600
A2XNOB1T796Y6B,0307275639,4.0,1304467200
A3NHUQ33CFH3VM,0307275639,5.0,1320537600
A39ABKRS1MKFTW,0307275639,4.0,1338854400
A1K1JW1C5CUSUZ,0307275639,5.0,982022400
AC1K4OQOZ90RS,0307275639,4.0,908409600
A328S9RN3U5M68,0307275639,4.0,986428800
ABMX8XUNPR3LP,0307275639,5.0,1271548800
A2O9HU1K7TCF7B,0307275639,5.0,1101340800
A3OJFPKMCXKOM0,0307275639,5.0,1133222400
A133ZC2Z8MAIED,0307275639,5.0,1208390400
A3NLJZI5NEOT0K,0307275639,3.0,1112400000
AOKGRSAS5VNS3,0307275639,5.0,1273017600
A2O5RT4RCC4NU2,0307275639,5.0,1162166400
A2ODBHT4URXVXQ,0307275639,4.0,1063497600
AX54G5AL870Q8,0307275639,5.0,985478400
A1OX82JPAQLL60,0307275639,3.0,1068768000
AS6SH2JM2YY3H,0307275639,4.0,1141948800
A16IITISD2LAX0,0307275639,5.0,1016755200
AHD101501WCN1,0307275639,5.0,1097452800
A96K1ZGW56S2I,0307275639,5.0,1053820800
AXSH6O4OP5L4M,0307277674,5.0,1078531200
A55MRYPUAX4QU,0307277674,3.0,1054771200
A20EEWWSFMZ1PN,0307277674,4.0,1262131200
A1X8VZWTOG8IS6,0307277674,3.0,1188777600
A2F6N60Z96CAJI,0307277674,5.0,1048291200
AYT4FJYVCHYLE,0307277674,2.0,1053216000
A1BI8PUEHA5CHW,0307277674,5.0,1050537600
A1S3C5OFU508P3,0307277674,5.0,1093737600
A2XNOB1T796Y6B,0307277674,3.0,1255564800
A1T17LMQABMBN5,0307277674,4.0,1070928000
A11B61QBGHLQDN,0307277674,2.0,1068681600
A39ABKRS1MKFTW,0307277674,3.0,1090195200
A28WJUJF6D2ULA,0307277674,4.0,1125619200
A2NHD7LUXVGTD3,0307277674,5.0,1065916800
AC1K4OQOZ90RS,0307277674,4.0,1059868800
A4R8GJX3UZ1I,0307277674,5.0,1057449600
A1CHM200OEN65X,0307277674,4.0,1049328000
A3PGGI7A6XCNF1,0307277674,5.0,1050019200
A2VE83MZF98ITY,0307277674,4.0,1067731200
A328S9RN3U5M68,0307277674,4.0,1068854400
A1RECBDKHVOJMW,0307277674,5.0,1055289600
A1CNQTCRQ35IMM,0307277674,4.0,1302998400
A3UV7L5ND3EH8T,0307277674,4.0,1066348800
A3Q04XXGGED746,0307277674,2.0,1107734400
A3A6GXILVT9JNW,0307277674,5.0,1117670400
ABMX8XUNPR3LP,0307277674,4.0,1281225600
AU7ND6NOCX9IA,0307277674,5.0,1149120000
A1IU7S4HCK1XK0,0307277674,4.0,1149292800
A2RPIGO3G4M6GN,0307277674,5.0,1070150400
A2AYSFGUP5VTY3,0307277674,3.0,1306972800
A2NJO6YE954DBH,0307277674,4.0,1073174400
A1L43KWWR05PCS,0307277674,5.0,1212796800
A22RY8N8CNDF3A,0307277674,5.0,1242172800
A1MJMYLRTZ76ZX,0307277674,5.0,1140652800
A1M4NJYP0WNL8Q,0307277674,4.0,1083974400
A370Z6I5GBWU44,0307277674,4.0,1286236800
A2F3M93RRLFQNJ,0307277674,4.0,1054252800
A2O5RT4RCC4NU2,0307277674,5.0,1148169600
A232HUAELH5J6V,0307277674,2.0,1312156800
A2ODBHT4URXVXQ,0307277674,5.0,1062547200
A2UIXU97JYCPZG,0307277674,2.0,1061424000
A1RMHZSWZ7ZEQO,0307277674,5.0,1058659200
A4FX5YCJA630V,0307277674,3.0,1134950400
A2EDZH51XHFA9B,0307277674,3.0,1078099200
A1S8AJIUIO6M9K,0307277674,5.0,1070755200
A26JGAM6GZMM4V,0307277674,5.0,1074297600
AITIU2DG1MM4A,0307277674,5.0,1057536000
A96K1ZGW56S2I,0307277674,3.0,1109030400
A55MRYPUAX4QU,0307277887,5.0,1170892800
A2F6N60Z96CAJI,0307277887,5.0,1090713600
AYT4FJYVCHYLE,0307277887,4.0,1126224000
A2QZVW56O4WSBT,0307277887,5.0,1324771200
AC1K4OQOZ90RS,0307277887,5.0,1090627200
A4R8GJX3UZ1I,0307277887,4.0,1095033600
A1RECBDKHVOJMW,0307277887,2.0,1113436800
A1CNQTCRQ35IMM,0307277887,4.0,1373673600
ABMX8XUNPR3LP,0307277887,4.0,1352851200
A680RUE1FDO8B,0307277887,5.0,1091836800
A9LAPV8XNKZVZ,0307277887,3.0,1097539200
A2DSXA1E02C86D,0307277887,4.0,1128902400
A1ER5AYS3FQ9O3,0307277887,5.0,1092009600
A3LF914GG87TWP,0307277887,5.0,1376697600
A1L43KWWR05PCS,0307277887,4.0,1159660800
A29NUB3P6YIWZG,0307277887,4.0,1309392000
A2SI6BNK5SWSMD,0307277887,4.0,1113004800
A2MF2QVSCUI27G,0307277887,4.0,1090281600
A25KKXUQQ0OLWB,0307277887,5.0,1208736000
A2GBJQ9THOYDAJ,0307277887,5.0,1098748800
A2F3M93RRLFQNJ,0307277887,4.0,1224374400
A3U29LBT749HJ0,0307277887,5.0,1168732800
A1RMHZSWZ7ZEQO,0307277887,4.0,1121040000
A2EDZH51XHFA9B,0307277887,3.0,1120694400
A1D5RCOILPC9LX,0307277887,5.0,1239580800
A21NVBFIEQWDSG,030727828X,5.0,1187222400
A55MRYPUAX4QU,030727828X,4.0,1167436800
A2F6N60Z96CAJI,030727828X,5.0,1153699200
AYT4FJYVCHYLE,030727828X,2.0,1153526400
A11B61QBGHLQDN,030727828X,3.0,1214697600
A28WJUJF6D2ULA,030727828X,5.0,1175040000
A3PGGI7A6XCNF1,030727828X,5.0,1155254400
A30KEXFT9SILL6,030727828X,2.0,1247529600
AFVQZQ8PW0L,030727828X,4.0,1153440000
A1DYMH30TSRONY,030727828X,4.0,1218672000
A9LAPV8XNKZVZ,030727828X,3.0,1156291200
A3GKPMHV4U64IY,030727828X,4.0,1190505600
A2AYSFGUP5VTY3,030727828X,3.0,1307232000
A30TK6U7DNS82R,030727828X,4.0,1162252800
A3VMCKYN22X0CO,030727828X,3.0,1155168000
A2NJO6YE954DBH,030727828X,5.0,1153785600
A1L43KWWR05PCS,030727828X,5.0,1191801600
A2MF2QVSCUI27G,030727828X,4.0,1153180800
A1U360OMVQRPUB,030727828X,4.0,1155686400
A2F3M93RRLFQNJ,030727828X,5.0,1188777600
A3U29LBT749HJ0,030727828X,4.0,1214006400
A2EDZH51XHFA9B,030727828X,4.0,1199318400
AS6SH2JM2YY3H,030727828X,2.0,1156032000
A20HMA36ESANHC,030727828X,1.0,1397001600
A96K1ZGW56S2I,030727828X,3.0,1206489600
A1D5RCOILPC9LX,030727828X,3.0,1232582400
A1RAUVCWYHTQI4,0307279464,4.0,968198400
A20EEWWSFMZ1PN,0307279464,4.0,1331337600
A2F3SXHT6RBV81,0307279464,3.0,1055203200
A2HM0BZWQRV1EF,0307279464,5.0,1212796800
A39650P2CZUUC9,0307279464,5.0,1371081600
A39ABKRS1MKFTW,0307279464,5.0,1372723200
A2B9Y0WXNSN17U,0307279464,3.0,1004832000
A36K2N527TXXJN,0307279464,5.0,1311292800
A1CHM200OEN65X,0307279464,5.0,993168000
A4H4KYSM2KQ85,0307279464,4.0,1137110400
A3PGGI7A6XCNF1,0307279464,5.0,953683200
A30KEXFT9SILL6,0307279464,3.0,1158969600
A3FHAMLNGHCFU7,0307279464,4.0,1268870400
A1DYMH30TSRONY,0307279464,2.0,1192147200
A1LKSZ9CYJ6829,0307279464,3.0,1170633600
A18OBUSMXVE8R0,0307279464,5.0,1229126400
A3OJFPKMCXKOM0,0307279464,4.0,1362614400
A1IOJE0W1NXOSE,0307279464,3.0,1092268800
A319KYEIAZ3SON,0307279464,4.0,1161302400
A3T0OTH5072YRE,0307279464,3.0,1285545600
A2F3M93RRLFQNJ,0307279464,5.0,1243296000
A3Z9QN0RCOHEY,0307279464,4.0,1225756800
A2ODBHT4URXVXQ,0307279464,4.0,1073520000
A21NVBFIEQWDSG,0307279936,4.0,1184630400
AYT4FJYVCHYLE,0307279936,2.0,1028332800
A1T17LMQABMBN5,0307279936,4.0,1084924800
A2B1GZIRD6W646,0307279936,5.0,1060214400
A4R8GJX3UZ1I,0307279936,4.0,1024876800
A1CHM200OEN65X,0307279936,4.0,1035849600
A3PGGI7A6XCNF1,0307279936,5.0,1023926400
A1RECBDKHVOJMW,0307279936,4.0,1129939200
A2AYSFGUP5VTY3,0307279936,4.0,1310169600
A1IOJE0W1NXOSE,0307279936,5.0,1047254400
A13G1TKIKHGV3F,0307279936,4.0,1308268800
A2F3M93RRLFQNJ,0307279936,3.0,1048032000
A3Z9QN0RCOHEY,0307279936,4.0,1237248000
AHUT55E980RDR,0307279936,5.0,1252454400
A2ODBHT4URXVXQ,0307279936,4.0,1059868800
A3OJAWIMUKNHTP,0307279936,5.0,1078617600
A1OX82JPAQLL60,0307279936,5.0,1056585600
A2VKWLCNZF4ZVB,0307279936,4.0,1067558400
A3H8NJ5PJNLFD5,030728090X,5.0,1128902400
A2CR57GAJKNWVV,030728090X,3.0,1222992000
AYT4FJYVCHYLE,030728090X,4.0,1137283200
A1BI8PUEHA5CHW,030728090X,4.0,1219536000
A1T17LMQABMBN5,030728090X,4.0,1197676800
A1HA6KZZNDCME9,030728090X,4.0,1169510400
A2NHD7LUXVGTD3,030728090X,3.0,1227830400
A1D2C0WDCSHUWZ,030728090X,1.0,1305331200
A30KEXFT9SILL6,030728090X,2.0,1247875200
A1RECBDKHVOJMW,030728090X,5.0,1259452800
A1CNQTCRQ35IMM,030728090X,5.0,1173484800
A3A6GXILVT9JNW,030728090X,5.0,1295308800
ABMX8XUNPR3LP,030728090X,4.0,1256428800
A2RPIGO3G4M6GN,030728090X,2.0,1228176000
A2E3GFHUDNPYDH,030728090X,4.0,1227312000
A1AKQ1YUS4BT82,030728090X,4.0,1174867200
A2SI6BNK5SWSMD,030728090X,3.0,1239235200
A370Z6I5GBWU44,030728090X,1.0,1232755200
A1U360OMVQRPUB,030728090X,3.0,1156032000
A126YLPKFPNQDS,030728090X,5.0,1138492800
A232HUAELH5J6V,030728090X,1.0,1317427200
A17U562HOY2OQV,030728090X,3.0,1210464000
A2EDZH51XHFA9B,030728090X,3.0,1227052800
ANEDXRFDZDL18,030728090X,3.0,1202083200
AMLA0B6EHD4OS,030728090X,4.0,1259280000
AFVZXHIUSXINA,030728090X,5.0,1129852800
A2TX179XAT5GRP,030728090X,5.0,1168992000
A2S166WSCFIFP5,030728364X,5.0,1121731200
A3H8NJ5PJNLFD5,030728364X,5.0,1121904000
AXSH6O4OP5L4M,030728364X,5.0,1122854400
A20EEWWSFMZ1PN,030728364X,5.0,1174089600
A2CR57GAJKNWVV,030728364X,5.0,1121990400
AYT4FJYVCHYLE,030728364X,5.0,1121904000
A11B61QBGHLQDN,030728364X,5.0,1326153600
A39ABKRS1MKFTW,030728364X,4.0,1136505600
A28WJUJF6D2ULA,030728364X,4.0,1124323200
A3KF4IP2MUS8QQ,030728364X,5.0,1122076800
A2NHD7LUXVGTD3,030728364X,5.0,1121731200
AC1K4OQOZ90RS,030728364X,5.0,1122336000
AMX0PJKV4PPNJ,030728364X,5.0,1121990400
A3H82LUT1EC655,030728364X,5.0,1122422400
A30KEXFT9SILL6,030728364X,4.0,1124323200
A1DA6E4FNRSAWN,030728364X,3.0,1171324800
A1G9FX1KV45N41,030728364X,5.0,1292889600
A2PR6NXG0PA3KY,030728364X,1.0,1121558400
A3FHAMLNGHCFU7,030728364X,3.0,1239321600
A3A6GXILVT9JNW,030728364X,5.0,1121472000
ABMX8XUNPR3LP,030728364X,5.0,1304208000
A2RPIGO3G4M6GN,030728364X,5.0,1189900800
A1LI7KZH6VHPAQ,030728364X,5.0,1123718400
A3LF914GG87TWP,030728364X,5.0,1185062400
A2NJO6YE954DBH,030728364X,5.0,1121558400
A29NUB3P6YIWZG,030728364X,4.0,1136505600
AX9C10JD538D9,030728364X,4.0,1207008000
A2SI6BNK5SWSMD,030728364X,4.0,1121644800
A2VG0RY3EUWZKB,030728364X,5.0,1123200000
A1M4NJYP0WNL8Q,030728364X,5.0,1186876800
A2I6MHMAZZDCRX,030728364X,4.0,1184457600
A370Z6I5GBWU44,030728364X,4.0,1292889600
A14OJS0VWMOSWO,030728364X,5.0,1128384000
A2F3M93RRLFQNJ,030728364X,4.0,1125792000
A3U29LBT749HJ0,030728364X,4.0,1121558400
A126YLPKFPNQDS,030728364X,5.0,1121904000
A2O5RT4RCC4NU2,030728364X,5.0,1121904000
A37XGUQ1VH0XM6,030728364X,5.0,1125187200
A1ARJBC8VD5P8P,030728364X,2.0,1122595200
AS6SH2JM2YY3H,030728364X,5.0,1137888000
ANEDXRFDZDL18,030728364X,4.0,1126224000
AITIU2DG1MM4A,030728364X,4.0,1124064000
A1S3IN6CSTBPY6,030728364X,5.0,1154908800
A96K1ZGW56S2I,030728364X,4.0,1159401600
AUTBHG6070SL4,030728364X,5.0,1125964800
A1POFVVXUZR3IQ,030728364X,5.0,1187395200
A14R9XMZVJ6INB,0307341542,5.0,1334361600
A39650P2CZUUC9,0307341542,3.0,1225152000
AYT4FJYVCHYLE,0307341542,4.0,1175126400
A2MF4TISBBQT5A,0307341542,4.0,1266537600
A2H44WVZS59KKT,0307341542,5.0,1171756800
A1MC6BFHWY6WC3,0307341542,5.0,1174348800
A2RQ0AT4XZUIXL,0307341542,4.0,1161388800
A3PGGI7A6XCNF1,0307341542,5.0,1173657600
A3M174IC0VXOS2,0307341542,5.0,1160438400
A1LKSZ9CYJ6829,0307341542,4.0,1340150400
A30TK6U7DNS82R,0307341542,5.0,1161216000
A3OL1AX1IODBYL,0307341542,5.0,1347062400
A2MF2QVSCUI27G,0307341542,5.0,1242345600
A2GBJQ9THOYDAJ,0307341542,5.0,1222041600
ACEOOCYZRPWF3,0307341542,5.0,1346544000
A324NNSMM9EFML,0307341542,4.0,1277942400
A36TDC5SGAN0EP,0307341542,5.0,1396569600
A2G09684ZOK8X2,0307341542,5.0,1354838400
A2ZHH7AK83JB5G,0307341542,4.0,1250467200
A3R19YKNL641X3,0307341542,4.0,1194825600
A1D5RCOILPC9LX,0307341542,5.0,1232064000
A8710RWTFG3IY,0307341569,4.0,1354752000
A14R9XMZVJ6INB,0307341569,3.0,1336348800
A2C27IQUH9N1Z,0307341569,5.0,1339977600
A39650P2CZUUC9,0307341569,2.0,1242172800
A2F6N60Z96CAJI,0307341569,5.0,1243987200
A27R2V3WLS43LP,0307341569,3.0,1251763200
A2H44WVZS59KKT,0307341569,5.0,1356134400
A1MC6BFHWY6WC3,0307341569,5.0,1377648000
AC1K4OQOZ90RS,0307341569,5.0,1252108800
A4R8GJX3UZ1I,0307341569,5.0,1342224000
A3PGGI7A6XCNF1,0307341569,5.0,1242691200
A1LKSZ9CYJ6829,0307341569,4.0,1343260800
A2TSTJP0B3A3H5,0307341569,5.0,1262304000
A3LF914GG87TWP,0307341569,4.0,1240444800
A3OL1AX1IODBYL,0307341569,5.0,1370044800
A3NLJZI5NEOT0K,0307341569,4.0,1245283200
A2MF2QVSCUI27G,0307341569,5.0,1241136000
A2GBJQ9THOYDAJ,0307341569,4.0,1268092800
A3Z9QN0RCOHEY,0307341569,4.0,1243209600
A2EDZH51XHFA9B,0307341569,4.0,1242172800
A1F3DFRPGVEUI8,0307341569,4.0,1400803200
A1D5RCOILPC9LX,0307341569,5.0,1257120000
A8710RWTFG3IY,0307346609,4.0,1385424000
A55MRYPUAX4QU,0307346609,5.0,1179792000
A1X8VZWTOG8IS6,0307346609,4.0,1188777600
A2H44WVZS59KKT,0307346609,5.0,1296432000
A3UW23DBF2KHWC,0307346609,4.0,1372636800
A2NHD7LUXVGTD3,0307346609,4.0,1222300800
A2B9Y0WXNSN17U,0307346609,5.0,1196380800
A1GARI2JT6EAWA,0307346609,5.0,1261526400
A1CHM200OEN65X,0307346609,5.0,1176940800
AFVQZQ8PW0L,0307346609,5.0,1160352000
ABMX8XUNPR3LP,0307346609,4.0,1329350400
A9LAPV8XNKZVZ,0307346609,3.0,1323388800
A2E3GFHUDNPYDH,0307346609,5.0,1345248000
A1ER5AYS3FQ9O3,0307346609,5.0,1211673600
A14BTJRH9VNLJJ,0307346609,5.0,1396569600
A29NUB3P6YIWZG,0307346609,5.0,1207785600
AOKGRSAS5VNS3,0307346609,5.0,1290038400
A13G1TKIKHGV3F,0307346609,5.0,1385164800
A2F3M93RRLFQNJ,0307346609,5.0,1232841600
A2EDZH51XHFA9B,0307346609,4.0,1219104000
A3R19YKNL641X3,0307346609,4.0,1281830400
A96K1ZGW56S2I,0307346609,4.0,1335398400
A1D5RCOILPC9LX,0307346609,5.0,1396051200
A3KRBW13FWBUH,0307352145,5.0,1335484800
A2RQ0AT4XZUIXL,0307352145,5.0,1317513600
AC1K4OQOZ90RS,0307352145,5.0,1317600000
A3JVE1D10L1CFA,0307352145,5.0,1341532800
A2E3GFHUDNPYDH,0307352145,4.0,1388016000
A3ICDLUQ3V2QY2,0307352145,5.0,1334102400
A22RY8N8CNDF3A,0307352145,2.0,1328918400
A13G1TKIKHGV3F,0307352145,4.0,1354233600
A4QC76NMWE5OC,0307352145,3.0,1341100800
A3IJHV3XZZEED5,0307352145,5.0,1369267200
A9Q28YTLYREO7,0307352145,4.0,1344816000
A3Z9QN0RCOHEY,0307352145,5.0,1333324800
A186ZAYP2L4CDZ,0307352145,5.0,1332892800
A281NPSIMI1C2R,0307352145,5.0,1317340800
A26JGAM6GZMM4V,0307352145,5.0,1329091200
A36TDC5SGAN0EP,0307352145,5.0,1363132800
AHD101501WCN1,0307352145,5.0,1372636800
AKPKPMWM6IIU5,0307352145,3.0,1334016000
A23MAG8UKFL0QW,0307352145,5.0,1337385600
AUTBHG6070SL4,0307352145,5.0,1379548800
A2C27IQUH9N1Z,0307358666,4.0,1301616000
A2X29H96X7C3XJ,0307358666,5.0,1301011200
A39650P2CZUUC9,0307358666,5.0,1303862400
A2F6N60Z96CAJI,0307358666,5.0,1305676800
A11B61QBGHLQDN,0307358666,3.0,1301875200
A3UW23DBF2KHWC,0307358666,4.0,1381795200
A1K1JW1C5CUSUZ,0307358666,5.0,1306972800
AC1K4OQOZ90RS,0307358666,5.0,1302912000
AFVQZQ8PW0L,0307358666,5.0,1300924800
A2AYSFGUP5VTY3,0307358666,1.0,1306713600
A29NUB3P6YIWZG,0307358666,4.0,1376179200
A3NLJZI5NEOT0K,0307358666,4.0,1374537600
A2VG0RY3EUWZKB,0307358666,5.0,1308960000
A319KYEIAZ3SON,0307358666,5.0,1304985600
AHUT55E980RDR,0307358666,5.0,1301616000
A2UIXU97JYCPZG,0307358666,3.0,1305331200
A1F3DFRPGVEUI8,0307358666,4.0,1305072000
AKPKPMWM6IIU5,0307358666,3.0,1307404800
AQQLWCMRNDFGI,0307358666,5.0,1350172800
A1XRQ6YJ7HXQFQ,0307358666,5.0,1277942400
A1S3IN6CSTBPY6,0307358666,5.0,1302998400
A1POFVVXUZR3IQ,0307358666,5.0,1310083200
A8710RWTFG3IY,0307360814,2.0,1349913600
A2X29H96X7C3XJ,0307360814,5.0,1325376000
A2QZVW56O4WSBT,0307360814,5.0,1337558400
A1K1JW1C5CUSUZ,0307360814,5.0,1329523200
A328S9RN3U5M68,0307360814,5.0,1321401600
A9I40WFF40R4,0307360814,5.0,1321315200
A1DYMH30TSRONY,0307360814,4.0,1331424000
A1LKSZ9CYJ6829,0307360814,5.0,1322092800
AUEY946M1L939,0307360814,4.0,1341446400
A2AYSFGUP5VTY3,0307360814,5.0,1319846400
A2E3GFHUDNPYDH,0307360814,5.0,1386979200
APTVNT7U6RZC3,0307360814,3.0,1357257600
A34UTL4AVX80MK,0307360814,5.0,1324598400
A319KYEIAZ3SON,0307360814,5.0,1320019200
A3Z9QN0RCOHEY,0307360814,5.0,1325721600
A21VR7M8O55EF6,0307360814,4.0,1370044800
A8IPQ1Q1O7YX5,0307360814,4.0,1318204800
A1F3DFRPGVEUI8,0307360814,5.0,1326240000
AHD101501WCN1,0307360814,5.0,1332720000
AKPKPMWM6IIU5,0307360814,4.0,1325721600
A21NVBFIEQWDSG,0307386171,5.0,1218067200
A2F6N60Z96CAJI,0307386171,5.0,1181520000
A17BTP1QHK2I3I,0307386171,1.0,1402358400
A1G37DFO8MQW0M,0307386171,5.0,1222387200
A1K1JW1C5CUSUZ,0307386171,2.0,1183680000
AC1K4OQOZ90RS,0307386171,4.0,1181088000
A1CHM200OEN65X,0307386171,3.0,1203465600
A2PR6NXG0PA3KY,0307386171,2.0,1239840000
A328S9RN3U5M68,0307386171,5.0,1188518400
A9I40WFF40R4,0307386171,5.0,1181347200
A1LKSZ9CYJ6829,0307386171,5.0,1182211200
A2AYSFGUP5VTY3,0307386171,5.0,1307836800
A2E3GFHUDNPYDH,0307386171,2.0,1185494400
A1ER5AYS3FQ9O3,0307386171,4.0,1183507200
A3OL1AX1IODBYL,0307386171,5.0,1313971200
A29NUB3P6YIWZG,0307386171,4.0,1254700800
A2MF2QVSCUI27G,0307386171,5.0,1181001600
A2F3M93RRLFQNJ,0307386171,4.0,1201392000
A3Z9QN0RCOHEY,0307386171,4.0,1370563200
A8IPQ1Q1O7YX5,0307386171,5.0,1181865600
AJDYDG7YZY9QL,0307386171,5.0,1182384000
AITIU2DG1MM4A,0307386171,4.0,1183248000
A21NVBFIEQWDSG,0307387135,4.0,1196294400
A1RAUVCWYHTQI4,0307387135,5.0,1200268800
A2F3SXHT6RBV81,0307387135,3.0,1127520000
AYT4FJYVCHYLE,0307387135,4.0,1127606400
A11B61QBGHLQDN,0307387135,2.0,1174176000
ABN5K7K1TM1QA,0307387135,4.0,1175990400
AC1K4OQOZ90RS,0307387135,4.0,1140825600
A1CHM200OEN65X,0307387135,5.0,1197676800
A328S9RN3U5M68,0307387135,5.0,1125100800
AKB2PYODH0TKS,0307387135,4.0,1174953600
AFVQZQ8PW0L,0307387135,5.0,1122076800
A9I40WFF40R4,0307387135,5.0,1125360000
A1DYMH30TSRONY,0307387135,5.0,1282435200
A680RUE1FDO8B,0307387135,5.0,1139184000
A9LAPV8XNKZVZ,0307387135,4.0,1135036800
A2AYSFGUP5VTY3,0307387135,5.0,1306800000
A2E3GFHUDNPYDH,0307387135,3.0,1209254400
A2F6SZLKG0TOJ7,0307387135,4.0,1135641600
A29NUB3P6YIWZG,0307387135,4.0,1228348800
A34UTL4AVX80MK,0307387135,5.0,1182297600
A319KYEIAZ3SON,0307387135,5.0,1121731200
A2F3M93RRLFQNJ,0307387135,4.0,1168128000
AX54G5AL870Q8,0307387135,3.0,1199059200
A2EDZH51XHFA9B,0307387135,5.0,1121731200
A3I8FT707XKQAJ,0307387135,4.0,1396051200
A1MR1VMK999I6O,0307408841,5.0,1327536000
A2F6N60Z96CAJI,0307408841,5.0,1307491200
AYT4FJYVCHYLE,0307408841,3.0,1324252800
A1G37DFO8MQW0M,0307408841,5.0,1306195200
A2ZY49IDE6TY5I,0307408841,5.0,1301616000
A39ABKRS1MKFTW,0307408841,5.0,1302393600
AC1K4OQOZ90RS,0307408841,4.0,1306540800
A1CHM200OEN65X,0307408841,4.0,1308355200
A3PGGI7A6XCNF1,0307408841,4.0,1301616000
A2PR6NXG0PA3KY,0307408841,5.0,1327881600
AKB2PYODH0TKS,0307408841,4.0,1301270400
A1LKSZ9CYJ6829,0307408841,3.0,1326240000
ANH8VL45X2L1S,0307408841,5.0,1301443200
A2O9HU1K7TCF7B,0307408841,5.0,1302480000
A2TUA4VWCMNXI,0307408841,5.0,1306195200
A2DSXA1E02C86D,0307408841,4.0,1303776000
A2AYSFGUP5VTY3,0307408841,3.0,1319846400
A3OJFPKMCXKOM0,0307408841,5.0,1355616000
A2VG0RY3EUWZKB,0307408841,5.0,1307577600
A31BD4RXCON7QO,0307408841,5.0,1301184000
A2F3M93RRLFQNJ,0307408841,5.0,1307404800
A26JGAM6GZMM4V,0307408841,5.0,1313971200
A8IPQ1Q1O7YX5,0307408841,4.0,1385942400
A1F3DFRPGVEUI8,0307408841,4.0,1369699200
A36TDC5SGAN0EP,0307408841,4.0,1366243200
AKPKPMWM6IIU5,0307408841,4.0,1306627200
AQQLWCMRNDFGI,0307408841,5.0,1301097600
A1D5RCOILPC9LX,0307408841,4.0,1337212800
A1RAUVCWYHTQI4,0307456625,5.0,1039910400
A2F3SXHT6RBV81,0307456625,3.0,1126483200
A2PWUIQG57O1AZ,0307456625,4.0,1126569600
A2CR57GAJKNWVV,0307456625,5.0,1045958400
AYT4FJYVCHYLE,0307456625,5.0,1112572800
A1BI8PUEHA5CHW,0307456625,3.0,1224633600
A11B61QBGHLQDN,0307456625,5.0,1198627200
A39ABKRS1MKFTW,0307456625,5.0,1111017600
A3KRBW13FWBUH,0307456625,5.0,1334361600
A2B1GZIRD6W646,0307456625,5.0,1059523200
A2IIB10X0CECYV,0307456625,4.0,1227916800
A2NHD7LUXVGTD3,0307456625,5.0,1093219200
A1K1JW1C5CUSUZ,0307456625,5.0,1078963200
A2RQ0AT4XZUIXL,0307456625,5.0,1039478400
A1GARI2JT6EAWA,0307456625,5.0,1234483200
AC1K4OQOZ90RS,0307456625,5.0,1056240000
A4R8GJX3UZ1I,0307456625,4.0,1058659200
A3BH49ZKESHDID,0307456625,3.0,1153008000
A30KEXFT9SILL6,0307456625,4.0,1265414400
A1RECBDKHVOJMW,0307456625,5.0,1108944000
A3A6GXILVT9JNW,0307456625,5.0,1280188800
AU7ND6NOCX9IA,0307456625,5.0,1140048000
A2AYSFGUP5VTY3,0307456625,3.0,1307232000
A2E3GFHUDNPYDH,0307456625,4.0,1251676800
A1IOJE0W1NXOSE,0307456625,3.0,1091923200
APTVNT7U6RZC3,0307456625,4.0,1180569600
A2I6MHMAZZDCRX,0307456625,3.0,1058227200
A34UTL4AVX80MK,0307456625,5.0,1062288000
A3T0OTH5072YRE,0307456625,3.0,1309996800
A2ODBHT4URXVXQ,0307456625,4.0,1055462400
A1N1YEMTI9DJ86,0307456625,4.0,1196726400
AJDYDG7YZY9QL,0307456625,5.0,1072656000
A55MRYPUAX4QU,0307473716,5.0,1168560000
A2F6N60Z96CAJI,0307473716,5.0,1122940800
AYT4FJYVCHYLE,0307473716,3.0,1132358400
A2QZVW56O4WSBT,0307473716,5.0,1325894400
AC1K4OQOZ90RS,0307473716,4.0,1121731200
AFVQZQ8PW0L,0307473716,5.0,1122422400
A1CNQTCRQ35IMM,0307473716,3.0,1376524800
ABMX8XUNPR3LP,0307473716,3.0,1368489600
A9LAPV8XNKZVZ,0307473716,4.0,1125014400
A3LF914GG87TWP,0307473716,5.0,1376784000
A1L43KWWR05PCS,0307473716,5.0,1205971200
A2SI6BNK5SWSMD,0307473716,3.0,1126051200
A2MF2QVSCUI27G,0307473716,4.0,1121817600
A2GBJQ9THOYDAJ,0307473716,4.0,1123113600
A2F3M93RRLFQNJ,0307473716,4.0,1247097600
A1RMHZSWZ7ZEQO,0307473716,4.0,1139702400
A2EDZH51XHFA9B,0307473716,3.0,1158710400
A1D5RCOILPC9LX,0307473716,5.0,1239580800
A2X29H96X7C3XJ,0307477401,5.0,1299801600
A39650P2CZUUC9,0307477401,5.0,1301443200
A2F6N60Z96CAJI,0307477401,5.0,1305072000
ADDT2MU773IYL,0307477401,5.0,1361923200
A1G37DFO8MQW0M,0307477401,4.0,1376524800
AC1K4OQOZ90RS,0307477401,5.0,1299715200
A3PGGI7A6XCNF1,0307477401,5.0,1298937600
AKB2PYODH0TKS,0307477401,5.0,1303344000
AFVQZQ8PW0L,0307477401,5.0,1301616000
A2KWQ64TRHB3YH,0307477401,5.0,1312675200
A1ER5AYS3FQ9O3,0307477401,5.0,1302307200
A34UTL4AVX80MK,0307477401,5.0,1299715200
A2F3M93RRLFQNJ,0307477401,4.0,1303603200
A3QVAKVRAH657N,0307477401,1.0,1310601600
A324NNSMM9EFML,0307477401,4.0,1302134400
A8IPQ1Q1O7YX5,0307477401,4.0,1379376000
AKPKPMWM6IIU5,0307477401,3.0,1302307200
A1XRQ6YJ7HXQFQ,0307477401,4.0,1307404800
A14R9XMZVJ6INB,030758836X,5.0,1357257600
A39650P2CZUUC9,030758836X,4.0,1332806400
A2F6N60Z96CAJI,030758836X,5.0,1342396800
AYT4FJYVCHYLE,030758836X,4.0,1343260800
A2H44WVZS59KKT,030758836X,5.0,1342310400
ADDT2MU773IYL,030758836X,5.0,1377129600
A2QZVW56O4WSBT,030758836X,5.0,1363478400
A3UW23DBF2KHWC,030758836X,5.0,1373328000
AWFMGDUUGNGYW,030758836X,4.0,1378339200
AC1K4OQOZ90RS,030758836X,5.0,1339286400
A4R8GJX3UZ1I,030758836X,5.0,1342051200
A3PGGI7A6XCNF1,030758836X,5.0,1403568000
A3M174IC0VXOS2,030758836X,5.0,1345507200
A1XIDKCJ7SOVXP,030758836X,4.0,1360022400
ATK1PI2HWROER,030758836X,5.0,1370822400
AKMEY1BSHSDG7,030758836X,2.0,1404259200
A3DIGM3KB4E11V,030758836X,5.0,1334448000
A1LKSZ9CYJ6829,030758836X,4.0,1334188800
A2DSXA1E02C86D,030758836X,5.0,1335225600
A2AYSFGUP5VTY3,030758836X,4.0,1341360000
A2E3GFHUDNPYDH,030758836X,2.0,1352592000
A30TK6U7DNS82R,030758836X,4.0,1358121600
A3OL1AX1IODBYL,030758836X,5.0,1343606400
A2MF2QVSCUI27G,030758836X,5.0,1339372800
A2GBJQ9THOYDAJ,030758836X,2.0,1346889600
A3Z9QN0RCOHEY,030758836X,3.0,1349913600
ACEOOCYZRPWF3,030758836X,3.0,1343779200
A3I8FT707XKQAJ,030758836X,3.0,1398902400
A1N1YEMTI9DJ86,030758836X,3.0,1355270400
AKPKPMWM6IIU5,030758836X,3.0,1346025600
A2ZHH7AK83JB5G,030758836X,4.0,1343088000
A1XRQ6YJ7HXQFQ,030758836X,3.0,1353283200
A1D5RCOILPC9LX,030758836X,3.0,1336694400
A1I2O9Y3X3HXLS,0307593967,5.0,1185321600
A2VMT89TCSF105,0307593967,2.0,1333929600
A55MRYPUAX4QU,0307593967,5.0,1067472000
A1X8VZWTOG8IS6,0307593967,4.0,1186099200
A28WJUJF6D2ULA,0307593967,3.0,1140220800
A1MC6BFHWY6WC3,0307593967,5.0,1152921600
A1E2NA2F4RTQ9B,0307593967,5.0,1322524800
A1K1JW1C5CUSUZ,0307593967,5.0,970012800
A2B9Y0WXNSN17U,0307593967,4.0,1028160000
AQZH7YTWQPOBE,0307593967,2.0,1383609600
A30KEXFT9SILL6,0307593967,5.0,1012521600
ABMX8XUNPR3LP,0307593967,4.0,1268870400
A1IU7S4HCK1XK0,0307593967,5.0,1072569600
A2NJO6YE954DBH,0307593967,5.0,1124928000
A370Z6I5GBWU44,0307593967,5.0,1333497600
AHUT55E980RDR,0307593967,5.0,1054339200
A37XGUQ1VH0XM6,0307593967,5.0,1028246400
A3QVAKVRAH657N,0307593967,5.0,975110400
AUM3YMZ0YRJE0,0307593967,5.0,1004400000
A126KX6FVI4T66,0307593967,5.0,1217808000
AQQLWCMRNDFGI,0307593967,5.0,1196726400
A8710RWTFG3IY,0307596907,5.0,1367798400
A39650P2CZUUC9,0307596907,5.0,1362528000
A2F6N60Z96CAJI,0307596907,4.0,1369094400
AYT4FJYVCHYLE,0307596907,4.0,1368144000
A2RQ0AT4XZUIXL,0307596907,5.0,1367625600
A1I6U5AQAT3ZG9,0307596907,4.0,1371427200
A4R8GJX3UZ1I,0307596907,5.0,1368316800
A1LKSZ9CYJ6829,0307596907,4.0,1377907200
A2AYSFGUP5VTY3,0307596907,2.0,1371168000
A2MF2QVSCUI27G,0307596907,5.0,1367280000
A25KKXUQQ0OLWB,0307596907,5.0,1369094400
A3Z9QN0RCOHEY,0307596907,4.0,1373932800
AHUT55E980RDR,0307596907,5.0,1368921600
A8IPQ1Q1O7YX5,0307596907,5.0,1362355200
AKPKPMWM6IIU5,0307596907,5.0,1370476800
A2ZHH7AK83JB5G,0307596907,4.0,1362096000
A1S3IN6CSTBPY6,0307596907,3.0,1370563200
A2PD27UKAD3Q00,0307596907,5.0,1368057600
AYT4FJYVCHYLE,0307704254,4.0,1332547200
A2MF4TISBBQT5A,0307704254,4.0,1321315200
A17BTP1QHK2I3I,0307704254,3.0,1393718400
A1G37DFO8MQW0M,0307704254,3.0,1352073600
A39ABKRS1MKFTW,0307704254,5.0,1335225600
A1K1JW1C5CUSUZ,0307704254,5.0,1322611200
AC1K4OQOZ90RS,0307704254,4.0,1321228800
A3BH49ZKESHDID,0307704254,4.0,1322438400
AFVQZQ8PW0L,0307704254,5.0,1321315200
A2KWQ64TRHB3YH,0307704254,5.0,1337644800
ANH8VL45X2L1S,0307704254,5.0,1321747200
A1RY8R18NEO9AA,0307704254,4.0,1323216000
A3OL1AX1IODBYL,0307704254,5.0,1322956800
A3Q86MZSVUUAD8,0307704254,5.0,1323561600
A3NLJZI5NEOT0K,0307704254,4.0,1332720000
A2GBJQ9THOYDAJ,0307704254,4.0,1326931200
A2F3M93RRLFQNJ,0307704254,4.0,1357257600
AN8C7BGR98HLN,0307704254,5.0,1322352000
A1N1YEMTI9DJ86,0307704254,5.0,1322697600
AKPKPMWM6IIU5,0307704254,3.0,1332806400
A3R19YKNL641X3,0307704254,4.0,1335052800
A8710RWTFG3IY,0307712508,5.0,1350604800
A2F6N60Z96CAJI,0307712508,5.0,1275955200
AYT4FJYVCHYLE,0307712508,4.0,1272412800
A2ZY49IDE6TY5I,0307712508,5.0,1262908800
A39ABKRS1MKFTW,0307712508,5.0,1303084800
A1LACH6MLQWZ,0307712508,4.0,1373241600
AWFMGDUUGNGYW,0307712508,5.0,1348790400
AC1K4OQOZ90RS,0307712508,5.0,1269648000
A4H4KYSM2KQ85,0307712508,4.0,1265241600
A2O9HU1K7TCF7B,0307712508,5.0,1311120000
A2E3GFHUDNPYDH,0307712508,5.0,1272758400
A3IJHV3XZZEED5,0307712508,4.0,1404691200
A3Z9QN0RCOHEY,0307712508,4.0,1272240000
AS6SH2JM2YY3H,0307712508,5.0,1290816000
A36TDC5SGAN0EP,0307712508,4.0,1327017600
AHD101501WCN1,0307712508,5.0,1384387200
AITIU2DG1MM4A,0307712508,5.0,1283731200
AUTBHG6070SL4,0307712508,5.0,1345334400
A1D5RCOILPC9LX,0307712508,4.0,1329350400
A39650P2CZUUC9,0307712842,5.0,1270771200
A2F6N60Z96CAJI,0307712842,5.0,1275868800
AYT4FJYVCHYLE,0307712842,4.0,1291680000
A1BI8PUEHA5CHW,0307712842,5.0,1273968000
A2QZVW56O4WSBT,0307712842,5.0,1368144000
AC1K4OQOZ90RS,0307712842,4.0,1267488000
A4R8GJX3UZ1I,0307712842,5.0,1288224000
AFVQZQ8PW0L,0307712842,5.0,1267747200
A1DYMH30TSRONY,0307712842,4.0,1282176000
ANH8VL45X2L1S,0307712842,5.0,1268784000
A2DSXA1E02C86D,0307712842,4.0,1306195200
A3OL1AX1IODBYL,0307712842,5.0,1305072000
A3NLJZI5NEOT0K,0307712842,5.0,1302739200
AOKGRSAS5VNS3,0307712842,4.0,1274659200
A25KKXUQQ0OLWB,0307712842,5.0,1296000000
A2VG0RY3EUWZKB,0307712842,5.0,1269907200
A3IJHV3XZZEED5,0307712842,4.0,1370304000
A3T0OTH5072YRE,0307712842,3.0,1376092800
A186ZAYP2L4CDZ,0307712842,3.0,1313712000
A8IPQ1Q1O7YX5,0307712842,5.0,1309824000
A2SY92ZXU2FOEU,0307712842,5.0,1265673600
AKPKPMWM6IIU5,0307712842,4.0,1278720000
A2V92F5R7MLCVI,0307712842,5.0,1266278400
A8710RWTFG3IY,0307740994,5.0,1355443200
A1RAUVCWYHTQI4,0307740994,5.0,1135728000
A39650P2CZUUC9,0307740994,5.0,1283990400
AYT4FJYVCHYLE,0307740994,4.0,1136592000
A2QZVW56O4WSBT,0307740994,3.0,1388707200
A1MC6BFHWY6WC3,0307740994,5.0,1310860800
A30KEXFT9SILL6,0307740994,5.0,1177545600
A9I40WFF40R4,0307740994,5.0,1117929600
AKT8TGIT6VVZ5,0307740994,4.0,1151107200
A1M8PP7MLHNBQB,0307740994,5.0,1113696000
A2AYSFGUP5VTY3,0307740994,4.0,1306972800
A29NUB3P6YIWZG,0307740994,4.0,1208649600
APTVNT7U6RZC3,0307740994,4.0,1280707200
A22RY8N8CNDF3A,0307740994,2.0,1287878400
A12A08OL0TZY0W,0307740994,5.0,1214611200
A25KKXUQQ0OLWB,0307740994,4.0,1375747200
A2VG0RY3EUWZKB,0307740994,5.0,1114992000
A34UTL4AVX80MK,0307740994,4.0,1346889600
A2GBJQ9THOYDAJ,0307740994,5.0,1125100800
A2F3M93RRLFQNJ,0307740994,4.0,1139443200
A324NNSMM9EFML,0307740994,5.0,1284422400
A8IPQ1Q1O7YX5,0307740994,5.0,1137024000
AHD101501WCN1,0307740994,4.0,1304553600
A19GJX6TTSK0C0,0307740994,4.0,1337126400
AITIU2DG1MM4A,0307740994,4.0,1135987200
A2B8GXSCB1R05T,0307740994,5.0,1172361600
AYT4FJYVCHYLE,0307744434,5.0,1321920000
A3U7ELIED4WP4R,0307744434,5.0,1355270400
A3UW23DBF2KHWC,0307744434,5.0,1398643200
A1D2C0WDCSHUWZ,0307744434,4.0,1324512000
A3PGGI7A6XCNF1,0307744434,5.0,1319414400
A3M174IC0VXOS2,0307744434,5.0,1317340800
AFVQZQ8PW0L,0307744434,5.0,1306368000
A1CNQTCRQ35IMM,0307744434,3.0,1307664000
A3UV7L5ND3EH8T,0307744434,2.0,1313625600
AKT8TGIT6VVZ5,0307744434,5.0,1350950400
A2TSTJP0B3A3H5,0307744434,5.0,1306713600
A1AKQ1YUS4BT82,0307744434,5.0,1315958400
A22B13EJTZKCTM,0307744434,5.0,1315958400
A20XM6F911RIDE,0307744434,4.0,1321920000
A2TBZAC0XYHLIB,0307744434,5.0,1315958400
A3IJHV3XZZEED5,0307744434,5.0,1370044800
A3Z9QN0RCOHEY,0307744434,5.0,1315958400
A2AIE9DO5QSVBD,0307744434,5.0,1345161600
A4FX5YCJA630V,0307744434,3.0,1329004800
A19GJX6TTSK0C0,0307744434,2.0,1318464000
A1N1YEMTI9DJ86,0307744434,5.0,1375228800
AKPKPMWM6IIU5,0307744434,4.0,1321228800
A2ZHH7AK83JB5G,0307744434,2.0,1317340800
A3TAF7M58DN46F,0307744434,4.0,1306627200
ADEVBXUS0RSIR,0307749436,5.0,1297382400
A2F6N60Z96CAJI,0307749436,5.0,1287964800
A39ABKRS1MKFTW,0307749436,3.0,1360713600
A3UW23DBF2KHWC,0307749436,4.0,1384128000
A1K1JW1C5CUSUZ,0307749436,4.0,1288915200
AC1K4OQOZ90RS,0307749436,2.0,1287187200
A3BH49ZKESHDID,0307749436,4.0,1288742400
A3M174IC0VXOS2,0307749436,5.0,1290124800
AFVQZQ8PW0L,0307749436,5.0,1287705600
A2KWQ64TRHB3YH,0307749436,5.0,1289779200
A1CNQTCRQ35IMM,0307749436,5.0,1326585600
A680RUE1FDO8B,0307749436,5.0,1290124800
A9LAPV8XNKZVZ,0307749436,4.0,1291766400
A2DSXA1E02C86D,0307749436,5.0,1307664000
A4SKIA2A7IDRX,0307749436,4.0,1356307200
A3VMCKYN22X0CO,0307749436,4.0,1289779200
A14OJS0VWMOSWO,0307749436,5.0,1295568000
A2F3M93RRLFQNJ,0307749436,4.0,1329350400
A324NNSMM9EFML,0307749436,5.0,1307232000
AKPKPMWM6IIU5,0307749436,3.0,1290038400
A3R19YKNL641X3,0307749436,4.0,1289692800
ADEVBXUS0RSIR,0307749584,4.0,1357689600
A2F6N60Z96CAJI,0307749584,5.0,1347840000
A39ABKRS1MKFTW,0307749584,2.0,1379376000
A1K1JW1C5CUSUZ,0307749584,4.0,1348531200
AC1K4OQOZ90RS,0307749584,3.0,1347926400
A3PGGI7A6XCNF1,0307749584,5.0,1396224000
A3BH49ZKESHDID,0307749584,4.0,1348099200
A3M174IC0VXOS2,0307749584,5.0,1348272000
A2SQJPUCZNHMZE,0307749584,5.0,1370304000
AFVQZQ8PW0L,0307749584,4.0,1347321600
A2KWQ64TRHB3YH,0307749584,4.0,1348963200
A1CNQTCRQ35IMM,0307749584,2.0,1348444800
A680RUE1FDO8B,0307749584,5.0,1350172800
A1LKSZ9CYJ6829,0307749584,3.0,1348272000
A9LAPV8XNKZVZ,0307749584,3.0,1347926400
A4SKIA2A7IDRX,0307749584,4.0,1357516800
A2F6SZLKG0TOJ7,0307749584,4.0,1347494400
A3VMCKYN22X0CO,0307749584,3.0,1348272000
A1N1YEMTI9DJ86,0307749584,4.0,1349740800
AKPKPMWM6IIU5,0307749584,2.0,1348531200
A3R19YKNL641X3,0307749584,3.0,1351987200
AG35NEEFCMQVR,0307749584,4.0,1350432000
ADEVBXUS0RSIR,0307749649,4.0,1394928000
A32R0ZHR7S3GYH,0307749649,4.0,1379116800
A11B61QBGHLQDN,0307749649,3.0,1377216000
A39ABKRS1MKFTW,0307749649,4.0,1385337600
A3UW23DBF2KHWC,0307749649,4.0,1378166400
A1K1JW1C5CUSUZ,0307749649,4.0,1379462400
A3BH49ZKESHDID,0307749649,4.0,1380844800
A2KWQ64TRHB3YH,0307749649,5.0,1376265600
A1CNQTCRQ35IMM,0307749649,3.0,1378944000
A680RUE1FDO8B,0307749649,5.0,1380672000
A9LAPV8XNKZVZ,0307749649,4.0,1375574400
A4SKIA2A7IDRX,0307749649,4.0,1382400000
AN8C7BGR98HLN,0307749649,4.0,1392163200
A324NNSMM9EFML,0307749649,5.0,1374796800
A1RMHZSWZ7ZEQO,0307749649,5.0,1379894400
A1N1YEMTI9DJ86,0307749649,5.0,1380067200
AKPKPMWM6IIU5,0307749649,4.0,1385424000
A1XRQ6YJ7HXQFQ,0307749649,5.0,1375056000
A3R19YKNL641X3,0307749649,5.0,1374883200
A2ICKSJ6T7WIBO,0307885151,4.0,1229644800
A55MRYPUAX4QU,0307885151,5.0,1054080000
A2F6N60Z96CAJI,0307885151,5.0,1055548800
A1E2NA2F4RTQ9B,0307885151,5.0,1313020800
A36K2N527TXXJN,0307885151,4.0,1313712000
AQZH7YTWQPOBE,0307885151,2.0,1247011200
A3PGGI7A6XCNF1,0307885151,5.0,1055289600
A2VE83MZF98ITY,0307885151,5.0,1140480000
A3FHAMLNGHCFU7,0307885151,5.0,1204502400
A18OBUSMXVE8R0,0307885151,5.0,1232755200
A2DSXA1E02C86D,0307885151,5.0,1068595200
A3VMCKYN22X0CO,0307885151,5.0,1070064000
A1MJMYLRTZ76ZX,0307885151,5.0,1057017600
A14OJS0VWMOSWO,0307885151,5.0,1059091200
A2F3M93RRLFQNJ,0307885151,5.0,1236384000
A2ODBHT4URXVXQ,0307885151,5.0,1053475200
A1RMHZSWZ7ZEQO,0307885151,3.0,1069027200
A26JGAM6GZMM4V,0307885151,5.0,1183680000
AS6SH2JM2YY3H,0307885151,5.0,1118793600
A1F3DFRPGVEUI8,0307885151,4.0,1186444800
AJDYDG7YZY9QL,0307885151,5.0,1056412800
A2JP0URFHXP6DO,0307885151,5.0,1104796800
A1S60W4KWFX1Y9,0307885151,1.0,1107820800
A2C27IQUH9N1Z,030788743X,5.0,1311984000
A2CR57GAJKNWVV,030788743X,5.0,1314230400
AYT4FJYVCHYLE,030788743X,3.0,1315872000
A27R2V3WLS43LP,030788743X,5.0,1313452800
A2H44WVZS59KKT,030788743X,5.0,1316649600
A3UW23DBF2KHWC,030788743X,5.0,1374710400
AQZH7YTWQPOBE,030788743X,5.0,1393718400
AFVQZQ8PW0L,030788743X,4.0,1314316800
A2HVL790PBWYTU,030788743X,5.0,1321660800
AKT8TGIT6VVZ5,030788743X,1.0,1324944000
A2E3GFHUDNPYDH,030788743X,5.0,1360454400
A22B13EJTZKCTM,030788743X,5.0,1329696000
A6XR7Y415RPD0,030788743X,5.0,1315094400
A3LF914GG87TWP,030788743X,5.0,1323475200
A2VG0RY3EUWZKB,030788743X,4.0,1318550400
A2GBJQ9THOYDAJ,030788743X,4.0,1373587200
A3U29LBT749HJ0,030788743X,5.0,1315353600
A24ZMNWTW8AQUR,030788743X,4.0,1314748800
A96K1ZGW56S2I,030788743X,5.0,1320192000
A3TAF7M58DN46F,030788743X,5.0,1316131200
A14R9XMZVJ6INB,0307913090,5.0,966729600
A1X8VZWTOG8IS6,0307913090,1.0,1188691200
AYT4FJYVCHYLE,0307913090,5.0,1300579200
A2H44WVZS59KKT,0307913090,5.0,1397347200
A2XNOB1T796Y6B,0307913090,5.0,1254614400
A1E2NA2F4RTQ9B,0307913090,5.0,1322006400
A2NHD7LUXVGTD3,0307913090,4.0,1308787200
A13OFOB1394G31,0307913090,4.0,989971200
A1D2C0WDCSHUWZ,0307913090,5.0,1309478400
A1RECBDKHVOJMW,0307913090,5.0,1123286400
A3A6GXILVT9JNW,0307913090,5.0,1356739200
A2E3GFHUDNPYDH,0307913090,4.0,1315008000
A25KKXUQQ0OLWB,0307913090,5.0,1306627200
A370Z6I5GBWU44,0307913090,5.0,1326931200
A3IJHV3XZZEED5,0307913090,4.0,1266364800
A3A7FF87LEVCQ1,0307913090,5.0,1402272000
A3T0OTH5072YRE,0307913090,4.0,1325462400
A126YLPKFPNQDS,0307913090,5.0,1123286400
A17U562HOY2OQV,0307913090,5.0,1371859200
A4FX5YCJA630V,0307913090,5.0,1393977600
A2EDZH51XHFA9B,0307913090,4.0,1000684800
AS6SH2JM2YY3H,0307913090,5.0,1326672000
A1D5RCOILPC9LX,0307913090,5.0,1342742400
A1RAUVCWYHTQI4,0307914208,3.0,1273017600
AYT4FJYVCHYLE,0307914208,3.0,1241827200
A1BI8PUEHA5CHW,0307914208,3.0,1254700800
A2MF4TISBBQT5A,0307914208,4.0,1311811200
A1E2NA2F4RTQ9B,0307914208,4.0,1324512000
A1K1JW1C5CUSUZ,0307914208,4.0,1241222400
A1D2C0WDCSHUWZ,0307914208,4.0,1243382400
A4R8GJX3UZ1I,0307914208,4.0,1256774400
AFVQZQ8PW0L,0307914208,5.0,1241222400
A3UV7L5ND3EH8T,0307914208,3.0,1244332800
A3A6GXILVT9JNW,0307914208,5.0,1248220800
A2AYSFGUP5VTY3,0307914208,3.0,1309046400
A1IOJE0W1NXOSE,0307914208,4.0,1254182400
A22B13EJTZKCTM,0307914208,4.0,1241395200
A3LF914GG87TWP,0307914208,5.0,1242864000
A2SI6BNK5SWSMD,0307914208,5.0,1247011200
A3IJHV3XZZEED5,0307914208,5.0,1271635200
A3Z9QN0RCOHEY,0307914208,5.0,1244764800
A186ZAYP2L4CDZ,0307914208,3.0,1380758400
A232HUAELH5J6V,0307914208,4.0,1308441600
A126KX6FVI4T66,0307914208,4.0,1237852800
A1N1YEMTI9DJ86,0307914208,5.0,1369612800
ADEVBXUS0RSIR,030793313X,4.0,1296172800
A2F6N60Z96CAJI,030793313X,5.0,1275609600
A39ABKRS1MKFTW,030793313X,4.0,1356739200
A2B1GZIRD6W646,030793313X,2.0,1303689600
A1K1JW1C5CUSUZ,030793313X,4.0,1275696000
AC1K4OQOZ90RS,030793313X,5.0,1274140800
A3BH49ZKESHDID,030793313X,5.0,1275350400
A3M174IC0VXOS2,030793313X,5.0,1276387200
AFVQZQ8PW0L,030793313X,5.0,1274486400
A2KWQ64TRHB3YH,030793313X,5.0,1275264000
ATK1PI2HWROER,030793313X,4.0,1325980800
A1CNQTCRQ35IMM,030793313X,3.0,1326585600
A680RUE1FDO8B,030793313X,5.0,1275091200
A1LKSZ9CYJ6829,030793313X,2.0,1332374400
A9LAPV8XNKZVZ,030793313X,3.0,1275609600
A4SKIA2A7IDRX,030793313X,4.0,1355184000
A3VMCKYN22X0CO,030793313X,4.0,1274918400
A2VG0RY3EUWZKB,030793313X,5.0,1280188800
AHUT55E980RDR,030793313X,5.0,1286236800
A324NNSMM9EFML,030793313X,5.0,1274313600
A1RMHZSWZ7ZEQO,030793313X,4.0,1276387200
A1N1YEMTI9DJ86,030793313X,5.0,1276041600
A3R19YKNL641X3,030793313X,5.0,1276387200
AG35NEEFCMQVR,030793313X,3.0,1274486400
A2F6N60Z96CAJI,0307950654,5.0,1326067200
A2MF4TISBBQT5A,0307950654,2.0,1326067200
A1G37DFO8MQW0M,0307950654,5.0,1328918400
A1K1JW1C5CUSUZ,0307950654,3.0,1336176000
AFVQZQ8PW0L,0307950654,4.0,1323129600
A2KWQ64TRHB3YH,0307950654,5.0,1337644800
A1DYMH30TSRONY,0307950654,3.0,1340150400
ANH8VL45X2L1S,0307950654,2.0,1324857600
A2TUA4VWCMNXI,0307950654,5.0,1359072000
A3Q86MZSVUUAD8,0307950654,5.0,1323302400
A3NLJZI5NEOT0K,0307950654,4.0,1376524800
A2O5RT4RCC4NU2,0307950654,3.0,1367539200
A324NNSMM9EFML,0307950654,5.0,1323734400
A8IPQ1Q1O7YX5,0307950654,3.0,1327017600
A3MT311233OHMQ,0307950654,4.0,1372032000
A1N1YEMTI9DJ86,0307950654,5.0,1326585600
AKPKPMWM6IIU5,0307950654,2.0,1326844800
A2ICKSJ6T7WIBO,0312169787,5.0,1225670400
A2C27IQUH9N1Z,0312169787,5.0,987638400
A2PWUIQG57O1AZ,0312169787,5.0,1017964800
AYT4FJYVCHYLE,0312169787,5.0,989971200
A1BI8PUEHA5CHW,0312169787,5.0,973987200
A1T17LMQABMBN5,0312169787,5.0,1075680000
A39ABKRS1MKFTW,0312169787,5.0,1099353600
A4R8GJX3UZ1I,0312169787,5.0,982108800
AFVQZQ8PW0L,0312169787,5.0,972000000
A3A6GXILVT9JNW,0312169787,5.0,1225152000
ABMX8XUNPR3LP,0312169787,5.0,1389052800
A2RPIGO3G4M6GN,0312169787,2.0,1294876800
A1IOJE0W1NXOSE,0312169787,2.0,1078963200
A2MF2QVSCUI27G,0312169787,3.0,970099200
A2ODBHT4URXVXQ,0312169787,4.0,1053648000
AX54G5AL870Q8,0312169787,4.0,1050278400
A3OJAWIMUKNHTP,0312169787,5.0,985478400
A2Z4KA3EFQWZOX,0312169787,2.0,1073001600
A23MAG8UKFL0QW,0312169787,5.0,1204243200
A3EX36SNRYD5VL,0312169787,4.0,1029369600
A2S166WSCFIFP5,031218087X,4.0,894153600
A2PWUIQG57O1AZ,031218087X,2.0,1099180800
A1BI8PUEHA5CHW,031218087X,3.0,1088380800
A1S3C5OFU508P3,031218087X,4.0,1111017600
A39ABKRS1MKFTW,031218087X,4.0,1086048000
AC1K4OQOZ90RS,031218087X,4.0,1113436800
A1RECBDKHVOJMW,031218087X,1.0,1069286400
A3A6GXILVT9JNW,031218087X,3.0,1181433600
A1DYMH30TSRONY,031218087X,4.0,1182470400
A680RUE1FDO8B,031218087X,5.0,1085788800
A2RPIGO3G4M6GN,031218087X,5.0,1089244800
A3GKPMHV4U64IY,031218087X,3.0,1074816000
A2O5RT4RCC4NU2,031218087X,3.0,1161216000
A1S8AJIUIO6M9K,031218087X,3.0,1191715200
A126KX6FVI4T66,031218087X,3.0,1249257600
AS6SH2JM2YY3H,031218087X,3.0,1160956800
ANEDXRFDZDL18,031218087X,5.0,1049155200
A3R19YKNL641X3,031218087X,5.0,1075420800
AUTBHG6070SL4,031218087X,4.0,1221264000
A39650P2CZUUC9,0312243022,4.0,1234828800
A1TCDS9S2NIVPB,0312243022,5.0,1037232000
A11B61QBGHLQDN,0312243022,2.0,1043107200
A1E2NA2F4RTQ9B,0312243022,5.0,1313020800
AC1K4OQOZ90RS,0312243022,3.0,992131200
A30KEXFT9SILL6,0312243022,5.0,978825600
A3M174IC0VXOS2,0312243022,5.0,1070841600
A1T6PXM2M3N84A,0312243022,4.0,1040083200
AFVQZQ8PW0L,0312243022,4.0,1036627200
A29NUB3P6YIWZG,0312243022,5.0,1212624000
A2MF2QVSCUI27G,0312243022,3.0,1003536000
A3QVAKVRAH657N,0312243022,1.0,1004832000
A2ODBHT4URXVXQ,0312243022,5.0,1073520000
AX54G5AL870Q8,0312243022,5.0,1050710400
A2EDZH51XHFA9B,0312243022,2.0,976838400
AUM3YMZ0YRJE0,0312243022,4.0,1054684800
A126KX6FVI4T66,0312243022,2.0,1174780800
A8IPQ1Q1O7YX5,0312243022,5.0,1217030400
A30H2335OM7RD6,0312265840,5.0,999648000
A55MRYPUAX4QU,0312265840,3.0,1082678400
A2HM0BZWQRV1EF,0312265840,5.0,1057536000
A2CR57GAJKNWVV,0312265840,5.0,1003881600
A1K1JW1C5CUSUZ,0312265840,5.0,993513600
AFVQZQ8PW0L,0312265840,5.0,992995200
ABMX8XUNPR3LP,0312265840,4.0,1257206400
A2RPIGO3G4M6GN,0312265840,4.0,1087516800
A2DSXA1E02C86D,0312265840,4.0,1082592000
A1IOJE0W1NXOSE,0312265840,4.0,1010448000
A29NUB3P6YIWZG,0312265840,4.0,1016409600
A1M4NJYP0WNL8Q,0312265840,5.0,993686400
A186ZAYP2L4CDZ,0312265840,3.0,1285459200
A3U29LBT749HJ0,0312265840,3.0,1007078400
AX54G5AL870Q8,0312265840,4.0,1085011200
A1RMHZSWZ7ZEQO,0312265840,4.0,1106265600
A3KCMEJTRQHNAP,0312265840,5.0,993686400
A1N1YEMTI9DJ86,0312265840,4.0,1078531200
A30H2335OM7RD6,0312265859,5.0,1025049600
A1RAUVCWYHTQI4,0312265859,1.0,1029974400
A55MRYPUAX4QU,0312265859,4.0,1089072000
A2CR57GAJKNWVV,0312265859,4.0,1026086400
A39ABKRS1MKFTW,0312265859,4.0,1104364800
A3R9X003XW0LNR,0312265859,5.0,1024358400
A1RECBDKHVOJMW,0312265859,3.0,1055980800
ABMX8XUNPR3LP,0312265859,4.0,1263686400
A2DSXA1E02C86D,0312265859,4.0,1085270400
A1IOJE0W1NXOSE,0312265859,5.0,1025568000
A2F6SZLKG0TOJ7,0312265859,3.0,1060732800
A3VMCKYN22X0CO,0312265859,4.0,1032134400
A29NUB3P6YIWZG,0312265859,4.0,1051833600
A1M4NJYP0WNL8Q,0312265859,3.0,1027209600
A126YLPKFPNQDS,0312265859,3.0,1025827200
AX54G5AL870Q8,0312265859,4.0,1110672000
A3KCMEJTRQHNAP,0312265859,3.0,1026604800
ANEDXRFDZDL18,0312265859,5.0,1032739200
A1N1YEMTI9DJ86,0312265859,4.0,1081296000
A55MRYPUAX4QU,0312265867,5.0,1094774400
A39ABKRS1MKFTW,0312265867,5.0,1060560000
A1K1JW1C5CUSUZ,0312265867,5.0,1058832000
A1GARI2JT6EAWA,0312265867,3.0,1154995200
A3PGGI7A6XCNF1,0312265867,5.0,1114300800
A3M174IC0VXOS2,0312265867,5.0,1069891200
AFVQZQ8PW0L,0312265867,5.0,1058572800
A1CTXKA2C7BSC8,0312265867,4.0,1160870400
A33I4RCFITFXG5,0312265867,4.0,1088812800
ABMX8XUNPR3LP,0312265867,4.0,1277596800
A2RPIGO3G4M6GN,0312265867,5.0,1093824000
A2DSXA1E02C86D,0312265867,5.0,1092355200
A1IOJE0W1NXOSE,0312265867,5.0,1058918400
A3VMCKYN22X0CO,0312265867,4.0,1062806400
A29NUB3P6YIWZG,0312265867,4.0,1062288000
A14OJS0VWMOSWO,0312265867,5.0,1086566400
A320TMDV6KCFU,0312265867,5.0,1059782400
A2ODBHT4URXVXQ,0312265867,5.0,1058313600
AX54G5AL870Q8,0312265867,4.0,1127520000
A1RMHZSWZ7ZEQO,0312265867,3.0,1064966400
ANEDXRFDZDL18,0312265867,4.0,1064880000
A1N1YEMTI9DJ86,0312265867,5.0,1084752000
A14R9XMZVJ6INB,0312278586,3.0,1033430400
AYT4FJYVCHYLE,0312278586,4.0,1030233600
A1BI8PUEHA5CHW,0312278586,4.0,1069200000
A1T17LMQABMBN5,0312278586,5.0,1020038400
A1TCDS9S2NIVPB,0312278586,5.0,1036800000
A1D2C0WDCSHUWZ,0312278586,3.0,1083456000
AC1K4OQOZ90RS,0312278586,4.0,1018656000
A3H82LUT1EC655,0312278586,5.0,1026172800
A3M174IC0VXOS2,0312278586,4.0,1018051200
AKMEY1BSHSDG7,0312278586,2.0,1220918400
A2RPIGO3G4M6GN,0312278586,2.0,1141516800
A1IOJE0W1NXOSE,0312278586,4.0,1031875200
A1ER5AYS3FQ9O3,0312278586,5.0,1015891200
AN0XWUHSHRUG6,0312278586,2.0,1086480000
A1L43KWWR05PCS,0312278586,3.0,1210723200
A2ODBHT4URXVXQ,0312278586,4.0,1021593600
A3KCMEJTRQHNAP,0312278586,1.0,1020211200
A2ZHH7AK83JB5G,0312278586,3.0,1167436800
A303U1MOXG5R1F,0312278586,4.0,1203552000
A2TX179XAT5GRP,0312278586,5.0,1190851200
A1K9IG5MP8RW75,0312278586,5.0,1137110400
AYT4FJYVCHYLE,0312282990,5.0,974073600
A1T17LMQABMBN5,0312282990,4.0,1087603200
A4R8GJX3UZ1I,0312282990,5.0,983923200
A3PGGI7A6XCNF1,0312282990,5.0,1003622400
AKT8TGIT6VVZ5,0312282990,5.0,1051920000
A2AYSFGUP5VTY3,0312282990,5.0,1306713600
A2E3GFHUDNPYDH,0312282990,4.0,1162684800
A29NUB3P6YIWZG,0312282990,3.0,1331596800
A2VG0RY3EUWZKB,0312282990,5.0,972864000
A34UTL4AVX80MK,0312282990,5.0,1058140800
A319KYEIAZ3SON,0312282990,5.0,978825600
A1RMHZSWZ7ZEQO,0312282990,2.0,1027296000
A16QODENBJVUI1,0312282990,5.0,1049328000
A21VR7M8O55EF6,0312282990,4.0,1015372800
A126KX6FVI4T66,0312282990,5.0,1118275200
A8IPQ1Q1O7YX5,0312282990,5.0,1232582400
AITIU2DG1MM4A,0312282990,4.0,972086400
A2B8GXSCB1R05T,0312282990,5.0,1038182400
A55MRYPUAX4QU,0312289723,4.0,1089072000
A2F6N60Z96CAJI,0312289723,5.0,1088208000
A2CR57GAJKNWVV,0312289723,5.0,1090022400
A39ABKRS1MKFTW,0312289723,2.0,1103068800
A1E2NA2F4RTQ9B,0312289723,4.0,1323129600
A1K1JW1C5CUSUZ,0312289723,5.0,1087862400
A2RQ0AT4XZUIXL,0312289723,4.0,1105488000
A1GARI2JT6EAWA,0312289723,3.0,1203120000
A3PGGI7A6XCNF1,0312289723,5.0,1121040000
A3M174IC0VXOS2,0312289723,5.0,1089763200
AFVQZQ8PW0L,0312289723,5.0,1088380800
A33I4RCFITFXG5,0312289723,5.0,1088812800
A1RECBDKHVOJMW,0312289723,4.0,1092700800
ABMX8XUNPR3LP,0312289723,4.0,1284595200
A2RPIGO3G4M6GN,0312289723,3.0,1144281600
A2DSXA1E02C86D,0312289723,3.0,1099958400
A1IOJE0W1NXOSE,0312289723,4.0,1092441600
A2F6SZLKG0TOJ7,0312289723,4.0,1105488000
A20XM6F911RIDE,0312289723,4.0,1355184000
A3NLJZI5NEOT0K,0312289723,4.0,1139961600
A2SI6BNK5SWSMD,0312289723,3.0,1113004800
A1M4NJYP0WNL8Q,0312289723,4.0,1163721600
A3U29LBT749HJ0,0312289723,4.0,1121212800
A126YLPKFPNQDS,0312289723,3.0,1088726400
A3PATLW8T3PQV7,0312289723,5.0,1348185600
AX54G5AL870Q8,0312289723,4.0,1168732800
ANEDXRFDZDL18,0312289723,2.0,1089676800
A1N1YEMTI9DJ86,0312289723,3.0,1094774400
A3R19YKNL641X3,0312289723,5.0,1088294400
A3H8NJ5PJNLFD5,0312306261,5.0,1121299200
A2F6N60Z96CAJI,0312306261,5.0,1119571200
A2CR57GAJKNWVV,0312306261,5.0,1120867200
A18FUHNBP90IB4,0312306261,4.0,1122508800
A39ABKRS1MKFTW,0312306261,4.0,1120003200
A1K1JW1C5CUSUZ,0312306261,5.0,1125100800
A1GARI2JT6EAWA,0312306261,3.0,1169078400
A3PGGI7A6XCNF1,0312306261,5.0,1126051200
A3M174IC0VXOS2,0312306261,4.0,1119830400
ABMX8XUNPR3LP,0312306261,4.0,1292025600
A2DSXA1E02C86D,0312306261,5.0,1123977600
A1IOJE0W1NXOSE,0312306261,5.0,1119830400
A2F6SZLKG0TOJ7,0312306261,2.0,1129507200
A20XM6F911RIDE,0312306261,4.0,1399939200
A3VMCKYN22X0CO,0312306261,4.0,1144022400
A3OL1AX1IODBYL,0312306261,5.0,1264896000
A29NUB3P6YIWZG,0312306261,3.0,1168992000
A2SI6BNK5SWSMD,0312306261,4.0,1123459200
A3U29LBT749HJ0,0312306261,4.0,1145577600
A126YLPKFPNQDS,0312306261,5.0,1121558400
A3PATLW8T3PQV7,0312306261,5.0,1355270400
AX54G5AL870Q8,0312306261,4.0,1200873600
A1N1YEMTI9DJ86,0312306261,5.0,1121126400
A3R19YKNL641X3,0312306261,5.0,1119916800
A3H8NJ5PJNLFD5,0312306342,4.0,1171843200
A2F6N60Z96CAJI,0312306342,5.0,1169683200
A2CR57GAJKNWVV,0312306342,4.0,1175212800
A39ABKRS1MKFTW,0312306342,3.0,1206057600
A1E2NA2F4RTQ9B,0312306342,2.0,1325203200
A3R9X003XW0LNR,0312306342,2.0,1169856000
A1K1JW1C5CUSUZ,0312306342,3.0,1169510400
A3PGGI7A6XCNF1,0312306342,4.0,1201046400
A3M174IC0VXOS2,0312306342,4.0,1169078400
AFVQZQ8PW0L,0312306342,4.0,1168732800
ABMX8XUNPR3LP,0312306342,4.0,1292371200
A1M8PP7MLHNBQB,0312306342,5.0,1172534400
A1IOJE0W1NXOSE,0312306342,3.0,1171670400
A2SI6BNK5SWSMD,0312306342,3.0,1173484800
A126YLPKFPNQDS,0312306342,4.0,1172448000
ANEDXRFDZDL18,0312306342,2.0,1168905600
A1N1YEMTI9DJ86,0312306342,4.0,1172534400
A3R19YKNL641X3,0312306342,4.0,1171670400
A2HM0BZWQRV1EF,0312319142,5.0,1081814400
A2F6N60Z96CAJI,0312319142,5.0,1075420800
A1T17LMQABMBN5,0312319142,3.0,1076284800
A3EQQP0LD4Z375,0312319142,4.0,1074038400
AC1K4OQOZ90RS,0312319142,5.0,1074038400
A1CHM200OEN65X,0312319142,5.0,1074038400
A3PGGI7A6XCNF1,0312319142,5.0,1074297600
A3M174IC0VXOS2,0312319142,5.0,1074988800
AFVQZQ8PW0L,0312319142,5.0,1074556800
AIO247KHD2O40,0312319142,5.0,1090627200
A1LKSZ9CYJ6829,0312319142,3.0,1074038400
A2DSXA1E02C86D,0312319142,5.0,1074038400
A1IOJE0W1NXOSE,0312319142,5.0,1074124800
A3ICDLUQ3V2QY2,0312319142,4.0,1251936000
A3VMCKYN22X0CO,0312319142,5.0,1074297600
A3NLJZI5NEOT0K,0312319142,3.0,1251244800
A2MF2QVSCUI27G,0312319142,3.0,1074038400
A3U29LBT749HJ0,0312319142,5.0,1076198400
A2ODBHT4URXVXQ,0312319142,5.0,1076457600
AX54G5AL870Q8,0312319142,5.0,1074038400
A3OJAWIMUKNHTP,0312319142,4.0,1076025600
A2EDZH51XHFA9B,0312319142,4.0,1074038400
A3R19YKNL641X3,0312319142,5.0,1143158400
A21NVBFIEQWDSG,0312319169,3.0,1119571200
A2HM0BZWQRV1EF,0312319169,5.0,1127260800
A2F6N60Z96CAJI,0312319169,5.0,1114214400
A2CR57GAJKNWVV,0312319169,4.0,1112572800
A2BZCHIDR5FTYA,0312319169,5.0,1124668800
A3EQQP0LD4Z375,0312319169,4.0,1113696000
AC1K4OQOZ90RS,0312319169,5.0,1112659200
A1CHM200OEN65X,0312319169,5.0,1113868800
A3PGGI7A6XCNF1,0312319169,5.0,1112659200
A3BH49ZKESHDID,0312319169,5.0,1127174400
A3M174IC0VXOS2,0312319169,5.0,1115337600
AFVQZQ8PW0L,0312319169,5.0,1112745600
AIO247KHD2O40,0312319169,5.0,1115596800
A680RUE1FDO8B,0312319169,1.0,1118966400
A1LKSZ9CYJ6829,0312319169,3.0,1114300800
A1IOJE0W1NXOSE,0312319169,4.0,1115769600
A3VMCKYN22X0CO,0312319169,5.0,1113004800
A2MF2QVSCUI27G,0312319169,4.0,1113868800
A3U29LBT749HJ0,0312319169,4.0,1125446400
AX54G5AL870Q8,0312319169,4.0,1113955200
A2EDZH51XHFA9B,0312319169,4.0,1112659200
A2VKWLCNZF4ZVB,0312319169,4.0,1146960000
A3R19YKNL641X3,0312319169,5.0,1115856000
A21NVBFIEQWDSG,0312347472,4.0,1148342400
A2HM0BZWQRV1EF,0312347472,5.0,1148601600
AC1K4OQOZ90RS,0312347472,4.0,1147737600
A1CHM200OEN65X,0312347472,5.0,1147737600
A3PGGI7A6XCNF1,0312347472,5.0,1147737600
A3BH49ZKESHDID,0312347472,5.0,1140825600
AFVQZQ8PW0L,0312347472,4.0,1148083200
AIO247KHD2O40,0312347472,4.0,1150156800
A2DSXA1E02C86D,0312347472,5.0,1145318400
A1RY8R18NEO9AA,0312347472,4.0,1310342400
A3VMCKYN22X0CO,0312347472,4.0,1148515200
A2NJO6YE954DBH,0312347472,5.0,1161129600
A2GBJQ9THOYDAJ,0312347472,4.0,1175040000
A3U29LBT749HJ0,0312347472,5.0,1169424000
AX54G5AL870Q8,0312347472,4.0,1147996800
A3OJAWIMUKNHTP,0312347472,5.0,1148169600
A2EDZH51XHFA9B,0312347472,4.0,1142208000
A2VKWLCNZF4ZVB,0312347472,4.0,1155081600
A3R19YKNL641X3,0312347472,5.0,1138579200
A3H8NJ5PJNLFD5,0312349483,5.0,1155772800
A55MRYPUAX4QU,0312349483,2.0,1151107200
A2F6N60Z96CAJI,0312349483,5.0,1151280000
A2CR57GAJKNWVV,0312349483,3.0,1155945600
A18FUHNBP90IB4,0312349483,4.0,1154044800
A39ABKRS1MKFTW,0312349483,4.0,1151366400
A1K1JW1C5CUSUZ,0312349483,5.0,1152057600
A3PGGI7A6XCNF1,0312349483,5.0,1152489600
A3BH49ZKESHDID,0312349483,5.0,1152316800
A3M174IC0VXOS2,0312349483,5.0,1151366400
AFVQZQ8PW0L,0312349483,5.0,1151107200
ABMX8XUNPR3LP,0312349483,4.0,1292284800
A1M8PP7MLHNBQB,0312349483,5.0,1151452800
A1IOJE0W1NXOSE,0312349483,5.0,1151712000
A3VMCKYN22X0CO,0312349483,4.0,1156723200
A29NUB3P6YIWZG,0312349483,4.0,1184544000
A3NLJZI5NEOT0K,0312349483,4.0,1193011200
A2SI6BNK5SWSMD,0312349483,4.0,1155340800
A320TMDV6KCFU,0312349483,5.0,1215993600
A126YLPKFPNQDS,0312349483,4.0,1153267200
A3PATLW8T3PQV7,0312349483,4.0,1359244800
A1RMHZSWZ7ZEQO,0312349483,4.0,1151452800
ANEDXRFDZDL18,0312349483,4.0,1151193600
A1N1YEMTI9DJ86,0312349483,5.0,1159920000
A3R19YKNL641X3,0312349483,5.0,1157932800
A3H8NJ5PJNLFD5,0312349491,5.0,1183161600
A2PWUIQG57O1AZ,0312349491,4.0,1189987200
A2F6N60Z96CAJI,0312349491,5.0,1182902400
A2CR57GAJKNWVV,0312349491,5.0,1186272000
A18FUHNBP90IB4,0312349491,5.0,1186358400
A39ABKRS1MKFTW,0312349491,5.0,1186963200
A1MC6BFHWY6WC3,0312349491,5.0,1382140800
A1E2NA2F4RTQ9B,0312349491,4.0,1325376000
A3R9X003XW0LNR,0312349491,4.0,1184198400
A1K1JW1C5CUSUZ,0312349491,5.0,1184371200
A3PGGI7A6XCNF1,0312349491,4.0,1184457600
A3BH49ZKESHDID,0312349491,4.0,1184284800
A3M174IC0VXOS2,0312349491,5.0,1182297600
AFVQZQ8PW0L,0312349491,5.0,1182470400
ABMX8XUNPR3LP,0312349491,3.0,1292457600
A2DSXA1E02C86D,0312349491,3.0,1185580800
A1IOJE0W1NXOSE,0312349491,4.0,1186099200
A3VMCKYN22X0CO,0312349491,4.0,1184112000
A3NLJZI5NEOT0K,0312349491,2.0,1195776000
A2SI6BNK5SWSMD,0312349491,5.0,1186617600
A320TMDV6KCFU,0312349491,5.0,1184457600
A3U29LBT749HJ0,0312349491,4.0,1193356800
A3PATLW8T3PQV7,0312349491,4.0,1362009600
A1N1YEMTI9DJ86,0312349491,4.0,1186444800
A3R19YKNL641X3,0312349491,4.0,1188777600
A2F6N60Z96CAJI,0312349513,5.0,1214784000
A2CR57GAJKNWVV,0312349513,4.0,1217116800
A18FUHNBP90IB4,0312349513,4.0,1255564800
A2QZVW56O4WSBT,0312349513,4.0,1356912000
A39ABKRS1MKFTW,0312349513,3.0,1213747200
A1E2NA2F4RTQ9B,0312349513,4.0,1325116800
A3R9X003XW0LNR,0312349513,2.0,1213747200
A1K1JW1C5CUSUZ,0312349513,4.0,1213920000
A3PGGI7A6XCNF1,0312349513,5.0,1215561600
A3BH49ZKESHDID,0312349513,5.0,1213660800
ABMX8XUNPR3LP,0312349513,5.0,1292630400
A2DSXA1E02C86D,0312349513,2.0,1216944000
A1IOJE0W1NXOSE,0312349513,4.0,1215561600
A2F6SZLKG0TOJ7,0312349513,2.0,1220227200
A3NLJZI5NEOT0K,0312349513,3.0,1238803200
A2SI6BNK5SWSMD,0312349513,1.0,1217894400
A2VG0RY3EUWZKB,0312349513,4.0,1216425600
A126YLPKFPNQDS,0312349513,2.0,1220400000
A3PATLW8T3PQV7,0312349513,4.0,1362268800
A26J2TRDPZH7RZ,0312349513,2.0,1343433600
ANEDXRFDZDL18,0312349513,3.0,1224979200
A1N1YEMTI9DJ86,0312349513,3.0,1216080000
A3R19YKNL641X3,0312349513,4.0,1218844800
A1RAUVCWYHTQI4,0312360525,4.0,1190246400
A2ICKSJ6T7WIBO,0312360525,4.0,1192579200
A1S3C5OFU508P3,0312360525,4.0,1191110400
A39ABKRS1MKFTW,0312360525,5.0,1246233600
ABN5K7K1TM1QA,0312360525,4.0,1187654400
A1D2C0WDCSHUWZ,0312360525,3.0,1200441600
A4R8GJX3UZ1I,0312360525,4.0,1188086400
A328S9RN3U5M68,0312360525,4.0,1317254400
A9I40WFF40R4,0312360525,4.0,1188172800
A1IU7S4HCK1XK0,0312360525,3.0,1191369600
A2E3GFHUDNPYDH,0312360525,1.0,1191196800
A1ER5AYS3FQ9O3,0312360525,4.0,1191196800
A1L43KWWR05PCS,0312360525,4.0,1191974400
A2MF2QVSCUI27G,0312360525,4.0,1187913600
A25KKXUQQ0OLWB,0312360525,4.0,1194998400
A34UTL4AVX80MK,0312360525,4.0,1191801600
AX54G5AL870Q8,0312360525,4.0,1190160000
A1RMHZSWZ7ZEQO,0312360525,3.0,1189382400
A1X8VZWTOG8IS6,0312367546,3.0,1188691200
AYT4FJYVCHYLE,0312367546,4.0,1188259200
A1BI8PUEHA5CHW,0312367546,5.0,1011225600
A11B61QBGHLQDN,0312367546,4.0,1226275200
A28WJUJF6D2ULA,0312367546,4.0,1127347200
A2TXR85WQLE32N,0312367546,5.0,1280880000
A1D2C0WDCSHUWZ,0312367546,5.0,1313971200
AMX0PJKV4PPNJ,0312367546,5.0,1072742400
A1CHM200OEN65X,0312367546,5.0,991267200
A3H82LUT1EC655,0312367546,5.0,1069372800
A33I4RCFITFXG5,0312367546,5.0,1032825600
A2O9HU1K7TCF7B,0312367546,4.0,1308096000
A1IU7S4HCK1XK0,0312367546,5.0,985305600
A370Z6I5GBWU44,0312367546,4.0,1316304000
A3QZCA4LTTVGAD,0312367546,5.0,1033862400
A3NIQK6ZLYEP1L,0312367546,4.0,1123027200
A14OJS0VWMOSWO,0312367546,5.0,1186444800
A3T0OTH5072YRE,0312367546,5.0,1304899200
A2F3M93RRLFQNJ,0312367546,4.0,1200700800
A3QVAKVRAH657N,0312367546,5.0,974505600
A4FX5YCJA630V,0312367546,5.0,1165795200
A303U1MOXG5R1F,0312367546,4.0,1292976000
A2C27IQUH9N1Z,0312368461,5.0,1217980800
A2F6N60Z96CAJI,0312368461,5.0,1192147200
AYT4FJYVCHYLE,0312368461,5.0,1231286400
A39ABKRS1MKFTW,0312368461,4.0,1188777600
A2NHD7LUXVGTD3,0312368461,4.0,1265414400
AC1K4OQOZ90RS,0312368461,4.0,1189900800
A1CHM200OEN65X,0312368461,4.0,1201046400
A3PGGI7A6XCNF1,0312368461,5.0,1218412800
A3M174IC0VXOS2,0312368461,5.0,1189555200
AKB2PYODH0TKS,0312368461,4.0,1216425600
AFVQZQ8PW0L,0312368461,5.0,1190332800
A1RECBDKHVOJMW,0312368461,4.0,1246752000
A3UV7L5ND3EH8T,0312368461,4.0,1218585600
A3DIGM3KB4E11V,0312368461,3.0,1192060800
A1LKSZ9CYJ6829,0312368461,4.0,1379289600
A1AKQ1YUS4BT82,0312368461,3.0,1192492800
A3ICDLUQ3V2QY2,0312368461,2.0,1230249600
A3Q86MZSVUUAD8,0312368461,5.0,1315267200
A2MF2QVSCUI27G,0312368461,4.0,1221782400
A25KKXUQQ0OLWB,0312368461,5.0,1222387200
A3U29LBT749HJ0,0312368461,4.0,1218412800
A1RMHZSWZ7ZEQO,0312368461,4.0,1192752000
A2ZHH7AK83JB5G,0312368461,3.0,1219449600
A3R19YKNL641X3,0312368461,4.0,1217980800
A2E9HDZXQORZLA,0312368461,5.0,1263859200
A5GYYHY2KI5CI,0312368461,2.0,1188864000
A1D5RCOILPC9LX,0312368461,4.0,1232496000
A14R9XMZVJ6INB,031236847X,3.0,1220918400
A2C27IQUH9N1Z,031236847X,5.0,1217894400
A2F6N60Z96CAJI,031236847X,5.0,1221091200
AYT4FJYVCHYLE,031236847X,3.0,1239840000
A27R2V3WLS43LP,031236847X,4.0,1230940800
A2NHD7LUXVGTD3,031236847X,3.0,1349136000
AC1K4OQOZ90RS,031236847X,4.0,1217894400
A3PGGI7A6XCNF1,031236847X,5.0,1218499200
AKB2PYODH0TKS,031236847X,4.0,1216684800
AFVQZQ8PW0L,031236847X,4.0,1221696000
A1RECBDKHVOJMW,031236847X,3.0,1248307200
A3UV7L5ND3EH8T,031236847X,5.0,1219017600
A1LKSZ9CYJ6829,031236847X,3.0,1381017600
A1AKQ1YUS4BT82,031236847X,5.0,1217721600
A3ICDLUQ3V2QY2,031236847X,4.0,1230422400
A3OL1AX1IODBYL,031236847X,4.0,1247097600
A25KKXUQQ0OLWB,031236847X,5.0,1222819200
A2VG0RY3EUWZKB,031236847X,2.0,1237766400
A2F3M93RRLFQNJ,031236847X,5.0,1219536000
A3Z9QN0RCOHEY,031236847X,4.0,1224806400
A3U29LBT749HJ0,031236847X,5.0,1218412800
A1RMHZSWZ7ZEQO,031236847X,5.0,1217462400
A2ZHH7AK83JB5G,031236847X,2.0,1219795200
A3R19YKNL641X3,031236847X,4.0,1217980800
A1D5RCOILPC9LX,031236847X,4.0,1232409600
A2C27IQUH9N1Z,0312368488,4.0,1247356800
AJV985MKGCIQ0,0312368488,3.0,1252281600
A2F6N60Z96CAJI,0312368488,5.0,1252886400
AYT4FJYVCHYLE,0312368488,4.0,1247097600
A27R2V3WLS43LP,0312368488,3.0,1251590400
A2NHD7LUXVGTD3,0312368488,4.0,1350086400
AC1K4OQOZ90RS,0312368488,5.0,1246665600
AFVQZQ8PW0L,0312368488,5.0,1252195200
A1RECBDKHVOJMW,0312368488,3.0,1246924800
A3UV7L5ND3EH8T,0312368488,4.0,1247702400
A1RY8R18NEO9AA,0312368488,3.0,1378771200
A1AKQ1YUS4BT82,0312368488,3.0,1254441600
A3ICDLUQ3V2QY2,0312368488,3.0,1246838400
A3OL1AX1IODBYL,0312368488,4.0,1361232000
A25KKXUQQ0OLWB,0312368488,5.0,1250812800
A1U360OMVQRPUB,0312368488,4.0,1277424000
A2F3M93RRLFQNJ,0312368488,5.0,1247097600
A3Z9QN0RCOHEY,0312368488,5.0,1255219200
A3U29LBT749HJ0,0312368488,5.0,1248307200
A1RMHZSWZ7ZEQO,0312368488,4.0,1247788800
A1D5RCOILPC9LX,0312368488,4.0,1262736000
A14R9XMZVJ6INB,0312369727,3.0,1255564800
A30H2335OM7RD6,0312369727,5.0,1233100800
A1RAUVCWYHTQI4,0312369727,3.0,1257292800
A20EEWWSFMZ1PN,0312369727,5.0,1343692800
A2F6N60Z96CAJI,0312369727,5.0,1276041600
A18FUHNBP90IB4,0312369727,5.0,1233619200
A27R2V3WLS43LP,0312369727,3.0,1267833600
AC1K4OQOZ90RS,0312369727,4.0,1233964800
AKB2PYODH0TKS,0312369727,5.0,1241308800
AFVQZQ8PW0L,0312369727,4.0,1236470400
ATK1PI2HWROER,0312369727,5.0,1280534400
A1LKSZ9CYJ6829,0312369727,4.0,1244073600
A9LAPV8XNKZVZ,0312369727,4.0,1246147200
A2DSXA1E02C86D,0312369727,5.0,1234569600
A3VMCKYN22X0CO,0312369727,4.0,1234742400
A3LF914GG87TWP,0312369727,4.0,1250726400
A2VG0RY3EUWZKB,0312369727,5.0,1266451200
A319KYEIAZ3SON,0312369727,4.0,1237939200
A2F3M93RRLFQNJ,0312369727,5.0,1233964800
A3U29LBT749HJ0,0312369727,5.0,1239840000
A1RMHZSWZ7ZEQO,0312369727,3.0,1237161600
A126KX6FVI4T66,0312369727,4.0,1238371200
AKPKPMWM6IIU5,0312369727,4.0,1243382400
A1XRQ6YJ7HXQFQ,0312369727,3.0,1242691200
A39650P2CZUUC9,0312370830,4.0,1302134400
A2F6N60Z96CAJI,0312370830,5.0,1288569600
AYT4FJYVCHYLE,0312370830,3.0,1308528000
A1BI8PUEHA5CHW,0312370830,5.0,1250812800
A1FDV3WPOHREY9,0312370830,5.0,1224633600
A39ABKRS1MKFTW,0312370830,5.0,1319760000
A2RQ0AT4XZUIXL,0312370830,4.0,1226016000
AC1K4OQOZ90RS,0312370830,4.0,1274572800
A1G9FX1KV45N41,0312370830,4.0,1278720000
AFVQZQ8PW0L,0312370830,5.0,1242950400
A2E3GFHUDNPYDH,0312370830,2.0,1293494400
A1IOJE0W1NXOSE,0312370830,5.0,1251504000
A370Z6I5GBWU44,0312370830,4.0,1284422400
A3IJHV3XZZEED5,0312370830,4.0,1268352000
A2F540P3L6P5CL,0312370830,3.0,1226707200
A8IPQ1Q1O7YX5,0312370830,4.0,1222473600
A26J2TRDPZH7RZ,0312370830,3.0,1388880000
A1F3DFRPGVEUI8,0312370830,4.0,1226275200
A20HMA36ESANHC,0312370830,4.0,1378771200
A36TDC5SGAN0EP,0312370830,4.0,1265587200
A1N1YEMTI9DJ86,0312370830,5.0,1341878400
A1S3IN6CSTBPY6,0312370830,5.0,1226102400
A1D5RCOILPC9LX,0312370830,3.0,1266537600
A1POFVVXUZR3IQ,0312370830,5.0,1290038400
A2HM0BZWQRV1EF,0312379080,5.0,1252022400
A2F6N60Z96CAJI,0312379080,5.0,1252972800
A27R2V3WLS43LP,0312379080,4.0,1250294400
A1CHM200OEN65X,0312379080,4.0,1250553600
A3PGGI7A6XCNF1,0312379080,5.0,1248048000
A3BH49ZKESHDID,0312379080,5.0,1248134400
AKB2PYODH0TKS,0312379080,4.0,1246147200
AFVQZQ8PW0L,0312379080,5.0,1250899200
AIO247KHD2O40,0312379080,4.0,1254873600
A2DSXA1E02C86D,0312379080,4.0,1250553600
A3VMCKYN22X0CO,0312379080,4.0,1250726400
A1L43KWWR05PCS,0312379080,5.0,1250035200
A14OJS0VWMOSWO,0312379080,5.0,1254096000
A3U29LBT749HJ0,0312379080,5.0,1246492800
AX54G5AL870Q8,0312379080,3.0,1314230400
AKPKPMWM6IIU5,0312379080,3.0,1254009600
A1XRQ6YJ7HXQFQ,0312379080,4.0,1257379200
A2VKWLCNZF4ZVB,0312379080,5.0,1255305600
A3R19YKNL641X3,0312379080,5.0,1248480000
A3BFDEBT5IV4UN,0312383282,4.0,1245801600
A1K1JW1C5CUSUZ,0312383282,3.0,1246924800
A18FUHNBP90IB4,0312383282,3.0,1256688000
A1RMHZSWZ7ZEQO,0312383282,2.0,1252800000
A3PGGI7A6XCNF1,0312383282,5.0,1252886400
A2TBZAC0XYHLIB,0312383282,4.0,1246233600
A3BH49ZKESHDID,0312383282,4.0,1246492800
A1IOJE0W1NXOSE,0312383282,4.0,1249430400
A39ABKRS1MKFTW,0312383282,2.0,1246233600
A3R9X003XW0LNR,0312383282,3.0,1246233600
A2MF4TISBBQT5A,0312383282,1.0,1285200000
A2QZVW56O4WSBT,0312383282,3.0,1359417600
ABMX8XUNPR3LP,0312383282,4.0,1292889600
A2DSXA1E02C86D,0312383282,1.0,1258416000
A29NUB3P6YIWZG,0312383282,3.0,1320883200
A3NLJZI5NEOT0K,0312383282,3.0,1257206400
A2SI6BNK5SWSMD,0312383282,1.0,1250380800
A126YLPKFPNQDS,0312383282,1.0,1248912000
A3PATLW8T3PQV7,0312383282,4.0,1362700800
ANEDXRFDZDL18,0312383282,2.0,1254441600
A1N1YEMTI9DJ86,0312383282,2.0,1247270400
A2F6N60Z96CAJI,0312383304,3.0,1278374400
A2CR57GAJKNWVV,0312383304,4.0,1303776000
A2MF4TISBBQT5A,0312383304,2.0,1287705600
A18FUHNBP90IB4,0312383304,3.0,1282608000
A2H44WVZS59KKT,0312383304,5.0,1281744000
A2QZVW56O4WSBT,0312383304,4.0,1359417600
A39ABKRS1MKFTW,0312383304,2.0,1277510400
A3R9X003XW0LNR,0312383304,3.0,1277251200
A1K1JW1C5CUSUZ,0312383304,2.0,1279065600
A3PGGI7A6XCNF1,0312383304,5.0,1280275200
A3BH49ZKESHDID,0312383304,4.0,1278633600
A3M174IC0VXOS2,0312383304,4.0,1294617600
ABMX8XUNPR3LP,0312383304,3.0,1359676800
A1RY8R18NEO9AA,0312383304,4.0,1280793600
A11L3YX5WIDKJ,0312383304,4.0,1373500800
A3OL1AX1IODBYL,0312383304,3.0,1360454400
A29NUB3P6YIWZG,0312383304,4.0,1319932800
A3NLJZI5NEOT0K,0312383304,3.0,1288310400
A2TBZAC0XYHLIB,0312383304,3.0,1279584000
A3PATLW8T3PQV7,0312383304,4.0,1365292800
A1N1YEMTI9DJ86,0312383304,2.0,1281830400
A3R19YKNL641X3,0312383304,3.0,1282435200
A2V92F5R7MLCVI,0312383304,2.0,1277596800
AYT4FJYVCHYLE,0312421273,5.0,1005436800
A1T17LMQABMBN5,0312421273,5.0,1086998400
A39ABKRS1MKFTW,0312421273,4.0,1069632000
ABN5K7K1TM1QA,0312421273,5.0,1095465600
A1K1JW1C5CUSUZ,0312421273,3.0,1006992000
A4R8GJX3UZ1I,0312421273,5.0,1001548800
A3PGGI7A6XCNF1,0312421273,5.0,1033516800
A328S9RN3U5M68,0312421273,4.0,1005264000
AFVQZQ8PW0L,0312421273,5.0,1001376000
AKT8TGIT6VVZ5,0312421273,4.0,1023321600
A29NUB3P6YIWZG,0312421273,4.0,1098403200
A2MF2QVSCUI27G,0312421273,3.0,1011139200
A319KYEIAZ3SON,0312421273,5.0,999561600
A2F3M93RRLFQNJ,0312421273,4.0,1036195200
A2ODBHT4URXVXQ,0312421273,5.0,1074556800
AX54G5AL870Q8,0312421273,3.0,1044144000
AUM3YMZ0YRJE0,0312421273,4.0,1025222400
A21VR7M8O55EF6,0312421273,4.0,1204502400
AITIU2DG1MM4A,0312421273,4.0,1345507200
A1RAUVCWYHTQI4,0312422156,5.0,1145664000
A2PWUIQG57O1AZ,0312422156,5.0,1090368000
AYT4FJYVCHYLE,0312422156,5.0,1048118400
A1T17LMQABMBN5,0312422156,5.0,1067126400
A1I6U5AQAT3ZG9,0312422156,5.0,1338076800
A4R8GJX3UZ1I,0312422156,5.0,1043366400
A30KEXFT9SILL6,0312422156,4.0,1077926400
A328S9RN3U5M68,0312422156,5.0,1042588800
A1DYMH30TSRONY,0312422156,5.0,1181088000
A2O9HU1K7TCF7B,0312422156,5.0,1280361600
AKT8TGIT6VVZ5,0312422156,5.0,1064275200
A2DSXA1E02C86D,0312422156,5.0,1091491200
A29NUB3P6YIWZG,0312422156,5.0,1041984000
A3NLJZI5NEOT0K,0312422156,5.0,1205107200
A34UTL4AVX80MK,0312422156,5.0,1262822400
A370Z6I5GBWU44,0312422156,2.0,1325376000
A3T0OTH5072YRE,0312422156,5.0,1379203200
A2ODBHT4URXVXQ,0312422156,5.0,1073088000
A1F3DFRPGVEUI8,0312422156,3.0,1187481600
A36TDC5SGAN0EP,0312422156,5.0,1257897600
A3H8NJ5PJNLFD5,031242440X,2.0,1118793600
A21NVBFIEQWDSG,031242440X,4.0,1211328000
A1RAUVCWYHTQI4,031242440X,1.0,1199750400
A2F3SXHT6RBV81,031242440X,3.0,1104796800
A39650P2CZUUC9,031242440X,5.0,1236556800
A2F6N60Z96CAJI,031242440X,5.0,1113609600
AYT4FJYVCHYLE,031242440X,2.0,1119052800
A2QZVW56O4WSBT,031242440X,4.0,1356998400
A3EQQP0LD4Z375,031242440X,5.0,1120262400
A30KEXFT9SILL6,031242440X,5.0,1142812800
A9I40WFF40R4,031242440X,5.0,1124841600
A2AYSFGUP5VTY3,031242440X,4.0,1306800000
A1IOJE0W1NXOSE,031242440X,4.0,1173398400
A1ER5AYS3FQ9O3,031242440X,5.0,1102118400
A34UTL4AVX80MK,031242440X,5.0,1185840000
AN8C7BGR98HLN,031242440X,2.0,1368835200
A2EDZH51XHFA9B,031242440X,4.0,1101686400
A21VR7M8O55EF6,031242440X,5.0,1284681600
A8IPQ1Q1O7YX5,031242440X,5.0,1139011200
A1S3IN6CSTBPY6,031242440X,5.0,1116806400
A21NVBFIEQWDSG,0312426321,5.0,1173830400
A1RAUVCWYHTQI4,0312426321,2.0,1192320000
A2F6N60Z96CAJI,0312426321,4.0,1180396800
A1S3C5OFU508P3,0312426321,4.0,1176768000
A1K1JW1C5CUSUZ,0312426321,4.0,1204243200
A2RQ0AT4XZUIXL,0312426321,3.0,1186876800
AC1K4OQOZ90RS,0312426321,4.0,1175904000
A3PGGI7A6XCNF1,0312426321,4.0,1206316800
AFVQZQ8PW0L,0312426321,5.0,1173312000
AUEY946M1L939,0312426321,3.0,1220400000
A1RY8R18NEO9AA,0312426321,3.0,1268179200
A2AYSFGUP5VTY3,0312426321,2.0,1307577600
A2SI6BNK5SWSMD,0312426321,3.0,1183939200
A2MF2QVSCUI27G,0312426321,4.0,1204934400
A2VG0RY3EUWZKB,0312426321,5.0,1220659200
A319KYEIAZ3SON,0312426321,5.0,1174089600
AHUT55E980RDR,0312426321,4.0,1273795200
A8IPQ1Q1O7YX5,0312426321,3.0,1215388800
A1D5RCOILPC9LX,0312426321,4.0,1232323200
A14R9XMZVJ6INB,0312428227,5.0,1235174400
A1RAUVCWYHTQI4,0312428227,4.0,1194998400
A2F6N60Z96CAJI,0312428227,5.0,1207526400
AYT4FJYVCHYLE,0312428227,4.0,1208736000
A4R8GJX3UZ1I,0312428227,5.0,1213747200
A328S9RN3U5M68,0312428227,4.0,1317340800
A9I40WFF40R4,0312428227,5.0,1193184000
A2AYSFGUP5VTY3,0312428227,4.0,1310256000
A1ER5AYS3FQ9O3,0312428227,5.0,1194134400
A2MF2QVSCUI27G,0312428227,4.0,1195948800
A25KKXUQQ0OLWB,0312428227,5.0,1216771200
A2VG0RY3EUWZKB,0312428227,5.0,1209513600
A34UTL4AVX80MK,0312428227,4.0,1205971200
A319KYEIAZ3SON,0312428227,4.0,1205452800
A2F3M93RRLFQNJ,0312428227,3.0,1195948800
A3U29LBT749HJ0,0312428227,1.0,1193356800
A1RMHZSWZ7ZEQO,0312428227,2.0,1205625600
A1OBNY1WB38LMI,0312428227,5.0,1205798400
A126KX6FVI4T66,0312428227,4.0,1193270400
A1F3DFRPGVEUI8,0312428227,5.0,1234224000
A2ZHH7AK83JB5G,0312428227,2.0,1205884800
A2F6N60Z96CAJI,0312576463,4.0,1285545600
AYT4FJYVCHYLE,0312576463,5.0,1286496000
A1K1JW1C5CUSUZ,0312576463,5.0,1284681600
A3M174IC0VXOS2,0312576463,5.0,1287446400
AKB2PYODH0TKS,0312576463,2.0,1301011200
A1DYMH30TSRONY,0312576463,4.0,1300492800
A1LKSZ9CYJ6829,0312576463,4.0,1297987200
A2TSTJP0B3A3H5,0312576463,2.0,1283990400
A2AYSFGUP5VTY3,0312576463,2.0,1306713600
A3OL1AX1IODBYL,0312576463,3.0,1299888000
A2VG0RY3EUWZKB,0312576463,5.0,1284595200
A34UTL4AVX80MK,0312576463,4.0,1293667200
A3Z9QN0RCOHEY,0312576463,4.0,1288051200
AUM3YMZ0YRJE0,0312576463,4.0,1309651200
A8IPQ1Q1O7YX5,0312576463,2.0,1306713600
A1F3DFRPGVEUI8,0312576463,3.0,1314576000
AKPKPMWM6IIU5,0312576463,4.0,1284076800
A1DLVUJFANNU1Q,0312576463,5.0,1287705600
A2L7N2U5Z316ZE,0312576463,5.0,1286323200
AITIU2DG1MM4A,0312576463,5.0,1306627200
A2MF4TISBBQT5A,0312577427,3.0,1298246400
A2XNOB1T796Y6B,0312577427,5.0,1314144000
A3U7ELIED4WP4R,0312577427,5.0,1339286400
A3BFDEBT5IV4UN,0312577427,5.0,1295913600
AFVQZQ8PW0L,0312577427,5.0,1296864000
A2VV2MISGXFY1O,0312577427,5.0,1353283200
ABUY5XK1R4YYZ,0312577427,4.0,1327449600
A20XM6F911RIDE,0312577427,5.0,1344211200
A3NPRWXTO85BJ0,0312577427,5.0,1361232000
A1DW5IH6QCOFQ7,0312577427,4.0,1296864000
A14OJS0VWMOSWO,0312577427,5.0,1297555200
A186ZAYP2L4CDZ,0312577427,3.0,1316131200
A126YLPKFPNQDS,0312577427,5.0,1297641600
A3PATLW8T3PQV7,0312577427,5.0,1314835200
AW4NFCPN81CS3,0312577427,5.0,1346112000
A1K4S4MWXI9E9M,0312577427,5.0,1334707200
A2E9HDZXQORZLA,0312577427,5.0,1302393600
A1JKGTL51HHTU1,0312577427,4.0,1327881600
A3TAF7M58DN46F,0312577427,5.0,1302480000
A2ICKSJ6T7WIBO,0312626681,5.0,1100217600
A2HM0BZWQRV1EF,0312626681,5.0,1006560000
A1BI8PUEHA5CHW,0312626681,4.0,1199404800
A1S3C5OFU508P3,0312626681,5.0,1195689600
A1OB5L3WMHJAD9,0312626681,3.0,1266537600
A17BTP1QHK2I3I,0312626681,5.0,1401062400
AUHG8KSHI529U,0312626681,3.0,995241600
A28WJUJF6D2ULA,0312626681,5.0,1129420800
A1MC6BFHWY6WC3,0312626681,5.0,1035244800
A1K1JW1C5CUSUZ,0312626681,5.0,992217600
A2B9Y0WXNSN17U,0312626681,3.0,1074643200
A1GARI2JT6EAWA,0312626681,3.0,1198886400
AC1K4OQOZ90RS,0312626681,5.0,1137196800
A4R8GJX3UZ1I,0312626681,5.0,996624000
A2VE83MZF98ITY,0312626681,4.0,1226016000
AKMEY1BSHSDG7,0312626681,5.0,1190419200
A1LKSZ9CYJ6829,0312626681,4.0,992304000
A2O9HU1K7TCF7B,0312626681,4.0,1169856000
A222LQEPE7O7BV,0312626681,5.0,1035158400
A2YXRT2XIJIO57,0312626681,5.0,1260489600
A2DSXA1E02C86D,0312626681,5.0,1141603200
A2E3GFHUDNPYDH,0312626681,2.0,1238803200
A1L43KWWR05PCS,0312626681,3.0,1211241600
A22RY8N8CNDF3A,0312626681,2.0,1135641600
A12A08OL0TZY0W,0312626681,5.0,1062547200
A14OJS0VWMOSWO,0312626681,5.0,1012953600
A3QVAKVRAH657N,0312626681,3.0,993340800
A2ODBHT4URXVXQ,0312626681,4.0,1073606400
A2EDZH51XHFA9B,0312626681,3.0,1199318400
A1S8AJIUIO6M9K,0312626681,5.0,1034208000
AUM3YMZ0YRJE0,0312626681,4.0,1144886400
A26JGAM6GZMM4V,0312626681,5.0,1010016000
A1NATT3PN24QWY,0312626681,5.0,1222646400
AAR8E3JF9K93P,0312626681,3.0,1026604800
A30H2335OM7RD6,0312675062,5.0,999993600
A2C27IQUH9N1Z,0312675062,4.0,1092182400
A55MRYPUAX4QU,0312675062,5.0,1081900800
A39ABKRS1MKFTW,0312675062,4.0,1082937600
A3BFDEBT5IV4UN,0312675062,4.0,1375660800
A1K1JW1C5CUSUZ,0312675062,5.0,966470400
A1GARI2JT6EAWA,0312675062,5.0,1109376000
A3BH49ZKESHDID,0312675062,4.0,1104192000
A1RECBDKHVOJMW,0312675062,5.0,1125100800
A2RPIGO3G4M6GN,0312675062,2.0,1098489600
A2DSXA1E02C86D,0312675062,5.0,1064448000
A1KYJA5YM1479G,0312675062,4.0,1360540800
A1IOJE0W1NXOSE,0312675062,4.0,1007251200
A29NUB3P6YIWZG,0312675062,3.0,1004572800
A2I6MHMAZZDCRX,0312675062,4.0,1040515200
A2GBJQ9THOYDAJ,0312675062,4.0,1073347200
AX54G5AL870Q8,0312675062,4.0,1068940800
A3KCMEJTRQHNAP,0312675062,5.0,960336000
A1N1YEMTI9DJ86,0312675062,3.0,1062979200
A1I2O9Y3X3HXLS,0312853238,5.0,1336176000
A2C27IQUH9N1Z,0312853238,5.0,1361232000
A20EEWWSFMZ1PN,0312853238,4.0,1387065600
A1X8VZWTOG8IS6,0312853238,5.0,1193788800
A1E2NA2F4RTQ9B,0312853238,5.0,1322006400
A1GARI2JT6EAWA,0312853238,4.0,1388275200
A13OFOB1394G31,0312853238,5.0,1152576000
A1D2C0WDCSHUWZ,0312853238,5.0,1367884800
A38AAPXSJN4C5G,0312853238,5.0,1386979200
A4R8GJX3UZ1I,0312853238,3.0,1046390400
AQZH7YTWQPOBE,0312853238,4.0,1322092800
AMX0PJKV4PPNJ,0312853238,5.0,1090454400
A2PR6NXG0PA3KY,0312853238,5.0,1291334400
A1CNQTCRQ35IMM,0312853238,5.0,1298764800
A1DYMH30TSRONY,0312853238,5.0,1288656000
ABMX8XUNPR3LP,0312853238,5.0,1269302400
A2O9HU1K7TCF7B,0312853238,3.0,1391558400
A1IU7S4HCK1XK0,0312853238,5.0,999561600
AKT8TGIT6VVZ5,0312853238,5.0,991353600
A2RPIGO3G4M6GN,0312853238,3.0,1081728000
A1RY8R18NEO9AA,0312853238,4.0,1388448000
A2E3GFHUDNPYDH,0312853238,5.0,1227744000
A4SKIA2A7IDRX,0312853238,5.0,1382054400
A29NUB3P6YIWZG,0312853238,4.0,1117497600
A1MJMYLRTZ76ZX,0312853238,5.0,968284800
A1U360OMVQRPUB,0312853238,5.0,1031097600
A3U29LBT749HJ0,0312853238,5.0,1320710400
A2O5RT4RCC4NU2,0312853238,5.0,1254182400
A2EDZH51XHFA9B,0312853238,4.0,1040860800
AUM3YMZ0YRJE0,0312853238,2.0,986860800
AS6SH2JM2YY3H,0312853238,5.0,1149897600
A24ZMNWTW8AQUR,0312853238,5.0,1382400000
ANEDXRFDZDL18,0312853238,5.0,1066694400
AITIU2DG1MM4A,0312853238,5.0,1370649600
A2S166WSCFIFP5,031286504X,5.0,987724800
A1X8VZWTOG8IS6,031286504X,4.0,1188777600
A3KF4IP2MUS8QQ,031286504X,5.0,1006560000
A2B9Y0WXNSN17U,031286504X,4.0,1149465600
A1CHM200OEN65X,031286504X,4.0,1201824000
AKB2PYODH0TKS,031286504X,3.0,1157241600
AFVQZQ8PW0L,031286504X,5.0,1194307200
A2HVL790PBWYTU,031286504X,5.0,1325894400
AIO247KHD2O40,031286504X,5.0,1188950400
ABMX8XUNPR3LP,031286504X,4.0,1299974400
A2E3GFHUDNPYDH,031286504X,4.0,1207267200
A1ER5AYS3FQ9O3,031286504X,5.0,1138233600
A1L43KWWR05PCS,031286504X,5.0,1163808000
A29NUB3P6YIWZG,031286504X,4.0,1095811200
A3NIQK6ZLYEP1L,031286504X,5.0,1067558400
A37XGUQ1VH0XM6,031286504X,5.0,1025136000
AQ6AGWKWMTY8H,031286504X,5.0,1392681600
AS6SH2JM2YY3H,031286504X,5.0,1256083200
ANEDXRFDZDL18,031286504X,5.0,1189555200
A1RAUVCWYHTQI4,0312950489,2.0,1111708800
A2X29H96X7C3XJ,0312950489,5.0,1376524800
A11B61QBGHLQDN,0312950489,4.0,1187740800
A39ABKRS1MKFTW,0312950489,5.0,1149033600
A1K1JW1C5CUSUZ,0312950489,5.0,1217203200
A1GARI2JT6EAWA,0312950489,5.0,1255046400
A4R8GJX3UZ1I,0312950489,4.0,1037318400
A3BH49ZKESHDID,0312950489,5.0,1219536000
A30KEXFT9SILL6,0312950489,4.0,1059868800
ATK1PI2HWROER,0312950489,5.0,1263686400
A1CNQTCRQ35IMM,0312950489,3.0,1312675200
A1LKSZ9CYJ6829,0312950489,4.0,1121817600
A2RPIGO3G4M6GN,0312950489,2.0,1193875200
A2AYSFGUP5VTY3,0312950489,2.0,1306713600
A3LF914GG87TWP,0312950489,5.0,1208908800
A2SI6BNK5SWSMD,0312950489,4.0,1267488000
A2GBJQ9THOYDAJ,0312950489,5.0,1263254400
AHUT55E980RDR,0312950489,4.0,1040601600
A8710RWTFG3IY,0316001821,5.0,1355011200
AXSH6O4OP5L4M,0316001821,5.0,1274140800
A39650P2CZUUC9,0316001821,5.0,1235779200
AYT4FJYVCHYLE,0316001821,5.0,1026432000
A1BI8PUEHA5CHW,0316001821,5.0,1214956800
A18FUHNBP90IB4,0316001821,4.0,1121558400
A1T17LMQABMBN5,0316001821,5.0,1032566400
A36K2N527TXXJN,0316001821,2.0,1312416000
A1D2C0WDCSHUWZ,0316001821,5.0,1254182400
AC1K4OQOZ90RS,0316001821,4.0,1027900800
A4R8GJX3UZ1I,0316001821,5.0,1028160000
A1CHM200OEN65X,0316001821,5.0,1046304000
A3PGGI7A6XCNF1,0316001821,5.0,1028246400
A30KEXFT9SILL6,0316001821,5.0,1099612800
A328S9RN3U5M68,0316001821,4.0,1027123200
AFVQZQ8PW0L,0316001821,5.0,1025049600
A1RECBDKHVOJMW,0316001821,4.0,1267488000
A3A6GXILVT9JNW,0316001821,5.0,1263168000
A2O9HU1K7TCF7B,0316001821,4.0,1273795200
A1IOJE0W1NXOSE,0316001821,4.0,1056153600
A1AKQ1YUS4BT82,0316001821,5.0,1180828800
AN0XWUHSHRUG6,0316001821,2.0,1082246400
A29NUB3P6YIWZG,0316001821,3.0,1076112000
AX9C10JD538D9,0316001821,3.0,1301097600
A2MF2QVSCUI27G,0316001821,3.0,1035676800
A1MJMYLRTZ76ZX,0316001821,4.0,1030492800
A370Z6I5GBWU44,0316001821,4.0,1261353600
A3T0OTH5072YRE,0316001821,4.0,1290643200
A3Z9QN0RCOHEY,0316001821,5.0,1261008000
AN8C7BGR98HLN,0316001821,3.0,1230076800
A2O5RT4RCC4NU2,0316001821,4.0,1290124800
A2ODBHT4URXVXQ,0316001821,4.0,1034726400
AX54G5AL870Q8,0316001821,5.0,1035849600
A1YZ3IJXI2J119,0316001821,5.0,1195430400
A4FX5YCJA630V,0316001821,3.0,1140566400
AS6SH2JM2YY3H,0316001821,3.0,1159401600
A1N1YEMTI9DJ86,0316001821,4.0,1286928000
AFVZXHIUSXINA,0316001821,5.0,1091059200
A2TX179XAT5GRP,0316001821,5.0,1214611200
A2VKWLCNZF4ZVB,0316001821,5.0,1032998400
A21NVBFIEQWDSG,0316010669,5.0,1175731200
AXSH6O4OP5L4M,0316010669,4.0,1211328000
A55MRYPUAX4QU,0316010669,4.0,1120262400
A2F3SXHT6RBV81,0316010669,3.0,1119571200
A2HM0BZWQRV1EF,0316010669,5.0,1118275200
A39650P2CZUUC9,0316010669,5.0,1359849600
A2F6N60Z96CAJI,0316010669,4.0,1106352000
A1BI8PUEHA5CHW,0316010669,4.0,1179100800
A28WJUJF6D2ULA,0316010669,4.0,1143763200
A3KRBW13FWBUH,0316010669,5.0,1389225600
A3KF4IP2MUS8QQ,0316010669,4.0,1130630400
A1K1JW1C5CUSUZ,0316010669,3.0,1109808000
A1LACH6MLQWZ,0316010669,5.0,1374019200
A2RQ0AT4XZUIXL,0316010669,5.0,1112486400
A1GARI2JT6EAWA,0316010669,4.0,1228521600
AC1K4OQOZ90RS,0316010669,5.0,1112918400
A30KEXFT9SILL6,0316010669,4.0,1161043200
A3RFXU3P0XKKF4,0316010669,5.0,1210723200
A9I40WFF40R4,0316010669,4.0,1107043200
A1XIDKCJ7SOVXP,0316010669,4.0,1366848000
A2JZCZYHNQHSCP,0316010669,3.0,1403654400
A1CNQTCRQ35IMM,0316010669,5.0,1327449600
A1DYMH30TSRONY,0316010669,4.0,1144281600
A133ZC2Z8MAIED,0316010669,3.0,1231113600
A22RY8N8CNDF3A,0316010669,1.0,1135814400
A1MJMYLRTZ76ZX,0316010669,3.0,1107648000
A34UTL4AVX80MK,0316010669,5.0,1116720000
A2GBJQ9THOYDAJ,0316010669,4.0,1228780800
A26JGAM6GZMM4V,0316010669,5.0,1107388800
AS6SH2JM2YY3H,0316010669,3.0,1179619200
A16IITISD2LAX0,0316010669,3.0,1212883200
AHD101501WCN1,0316010669,5.0,1105401600
AQQLWCMRNDFGI,0316010669,5.0,1200096000
A3R19YKNL641X3,0316010669,5.0,1128816000
A2JP0URFHXP6DO,0316010669,4.0,1107216000
AITIU2DG1MM4A,0316010669,5.0,1136160000
A14R9XMZVJ6INB,0316010707,5.0,1206316800
A1RAUVCWYHTQI4,0316010707,3.0,1153699200
A39650P2CZUUC9,0316010707,3.0,1235692800
A2F6N60Z96CAJI,0316010707,5.0,1102377600
A2QZVW56O4WSBT,0316010707,5.0,1375228800
A39ABKRS1MKFTW,0316010707,5.0,1109548800
AC1K4OQOZ90RS,0316010707,4.0,1143849600
A3PGGI7A6XCNF1,0316010707,4.0,1163376000
A30KEXFT9SILL6,0316010707,5.0,1164758400
AKB2PYODH0TKS,0316010707,4.0,1146614400
AFVQZQ8PW0L,0316010707,4.0,1099180800
A2AYSFGUP5VTY3,0316010707,4.0,1306713600
A3OL1AX1IODBYL,0316010707,5.0,1234396800
A2SI6BNK5SWSMD,0316010707,4.0,1228262400
A2MF2QVSCUI27G,0316010707,4.0,1228262400
A319KYEIAZ3SON,0316010707,5.0,1102723200
A2GBJQ9THOYDAJ,0316010707,5.0,1133049600
A3IJHV3XZZEED5,0316010707,5.0,1339200000
A14OJS0VWMOSWO,0316010707,5.0,1231545600
A186ZAYP2L4CDZ,0316010707,4.0,1301356800
A324NNSMM9EFML,0316010707,5.0,1366156800
A8IPQ1Q1O7YX5,0316010707,4.0,1138665600
A1F3DFRPGVEUI8,0316010707,4.0,1240185600
A36TDC5SGAN0EP,0316010707,5.0,1388966400
A1D5RCOILPC9LX,0316010707,5.0,1240444800
A3H8NJ5PJNLFD5,0316011770,2.0,1136419200
A21NVBFIEQWDSG,0316011770,4.0,1155859200
A55MRYPUAX4QU,0316011770,5.0,1123372800
A2F3SXHT6RBV81,0316011770,4.0,1129248000
A2F6N60Z96CAJI,0316011770,4.0,1121385600
AYT4FJYVCHYLE,0316011770,4.0,1121299200
A1BI8PUEHA5CHW,0316011770,5.0,1120521600
A1T17LMQABMBN5,0316011770,3.0,1123891200
A28WJUJF6D2ULA,0316011770,5.0,1127088000
A1HA6KZZNDCME9,0316011770,5.0,1203379200
A2NHD7LUXVGTD3,0316011770,3.0,1219622400
A36K2N527TXXJN,0316011770,4.0,1326844800
A1D2C0WDCSHUWZ,0316011770,4.0,1119484800
A1CHM200OEN65X,0316011770,3.0,1151625600
A3PGGI7A6XCNF1,0316011770,5.0,1126569600
A30KEXFT9SILL6,0316011770,3.0,1230076800
A328S9RN3U5M68,0316011770,4.0,1127260800
AFVQZQ8PW0L,0316011770,5.0,1118707200
A2VV2MISGXFY1O,0316011770,5.0,1343001600
A1RECBDKHVOJMW,0316011770,4.0,1119830400
A1E1LEVQ9VQNK,0316011770,2.0,1213574400
A3A6GXILVT9JNW,0316011770,5.0,1163548800
A1DYMH30TSRONY,0316011770,4.0,1274832000
ABMX8XUNPR3LP,0316011770,3.0,1271376000
A1M8PP7MLHNBQB,0316011770,5.0,1119225600
A2NJO6YE954DBH,0316011770,4.0,1123459200
A1L43KWWR05PCS,0316011770,4.0,1344816000
A3NLJZI5NEOT0K,0316011770,4.0,1125014400
A2MF2QVSCUI27G,0316011770,3.0,1124496000
A2VG0RY3EUWZKB,0316011770,5.0,1122249600
A319KYEIAZ3SON,0316011770,4.0,1233964800
A2GBJQ9THOYDAJ,0316011770,4.0,1268956800
A3NIQK6ZLYEP1L,0316011770,5.0,1189036800
A14OJS0VWMOSWO,0316011770,5.0,1159920000
A2F3M93RRLFQNJ,0316011770,4.0,1169337600
A2UIXU97JYCPZG,0316011770,3.0,1123891200
A1YZ3IJXI2J119,0316011770,4.0,1166918400
A3OJAWIMUKNHTP,0316011770,5.0,1131321600
A4FX5YCJA630V,0316011770,3.0,1264896000
A2EDZH51XHFA9B,0316011770,4.0,1126137600
A24ZMNWTW8AQUR,0316011770,4.0,1138579200
A2Z4KA3EFQWZOX,0316011770,5.0,1119052800
AITIU2DG1MM4A,0316011770,4.0,1124064000
A1D5RCOILPC9LX,0316011770,3.0,1350864000
A21NVBFIEQWDSG,0316012823,4.0,1169856000
A2F6N60Z96CAJI,0316012823,4.0,1162512000
A17BTP1QHK2I3I,0316012823,1.0,1386892800
A2QZVW56O4WSBT,0316012823,5.0,1379376000
A39ABKRS1MKFTW,0316012823,5.0,1196035200
A3M174IC0VXOS2,0316012823,4.0,1162684800
A1RY8R18NEO9AA,0316012823,3.0,1268006400
A2AYSFGUP5VTY3,0316012823,1.0,1307577600
A1ER5AYS3FQ9O3,0316012823,4.0,1159401600
A3OL1AX1IODBYL,0316012823,5.0,1234828800
A2SI6BNK5SWSMD,0316012823,4.0,1233705600
A2MF2QVSCUI27G,0316012823,4.0,1160352000
A319KYEIAZ3SON,0316012823,5.0,1223164800
A2GBJQ9THOYDAJ,0316012823,5.0,1167436800
A3IJHV3XZZEED5,0316012823,5.0,1350345600
A186ZAYP2L4CDZ,0316012823,3.0,1301961600
A2O5RT4RCC4NU2,0316012823,4.0,1309305600
A324NNSMM9EFML,0316012823,5.0,1366502400
A1YZ3IJXI2J119,0316012823,5.0,1166572800
AS6SH2JM2YY3H,0316012823,4.0,1184803200
A1F3DFRPGVEUI8,0316012823,4.0,1243382400
A1D5RCOILPC9LX,0316012823,5.0,1240790400
A2ICKSJ6T7WIBO,0316017922,5.0,1347321600
A20EEWWSFMZ1PN,0316017922,4.0,1262563200
A1MR1VMK999I6O,0316017922,5.0,1229385600
A2HM0BZWQRV1EF,0316017922,5.0,1240531200
A2F6N60Z96CAJI,0316017922,5.0,1232928000
A1E2NA2F4RTQ9B,0316017922,5.0,1322265600
A1K1JW1C5CUSUZ,0316017922,4.0,1233705600
A1LACH6MLQWZ,0316017922,5.0,1373673600
A2RQ0AT4XZUIXL,0316017922,5.0,1235520000
A1GARI2JT6EAWA,0316017922,5.0,1268956800
AC1K4OQOZ90RS,0316017922,5.0,1229040000
A3RFXU3P0XKKF4,0316017922,3.0,1230422400
A2KWQ64TRHB3YH,0316017922,5.0,1265587200
A1XIDKCJ7SOVXP,0316017922,5.0,1387843200
A1CNQTCRQ35IMM,0316017922,5.0,1321747200
A680RUE1FDO8B,0316017922,3.0,1232841600
A2E3GFHUDNPYDH,0316017922,3.0,1283040000
A3ICDLUQ3V2QY2,0316017922,5.0,1328745600
A22RY8N8CNDF3A,0316017922,1.0,1227139200
A1MJMYLRTZ76ZX,0316017922,5.0,1228608000
A2GBJQ9THOYDAJ,0316017922,5.0,1330214400
A2F3M93RRLFQNJ,0316017922,4.0,1233964800
A3Z9QN0RCOHEY,0316017922,4.0,1230940800
A26JGAM6GZMM4V,0316017922,5.0,1231200000
A16IITISD2LAX0,0316017922,4.0,1237852800
AHD101501WCN1,0316017922,5.0,1226966400
AKPKPMWM6IIU5,0316017922,4.0,1229731200
A3R19YKNL641X3,0316017922,5.0,1232841600
AITIU2DG1MM4A,0316017922,5.0,1228089600
A2PWUIQG57O1AZ,0316018953,4.0,1191283200
AYT4FJYVCHYLE,0316018953,3.0,1187136000
A11B61QBGHLQDN,0316018953,4.0,1200009600
A39ABKRS1MKFTW,0316018953,4.0,1180310400
A2B1GZIRD6W646,0316018953,4.0,1203552000
A1K1JW1C5CUSUZ,0316018953,3.0,1200441600
A1GARI2JT6EAWA,0316018953,3.0,1259798400
AC1K4OQOZ90RS,0316018953,4.0,1181347200
A3BH49ZKESHDID,0316018953,4.0,1293494400
A3M174IC0VXOS2,0316018953,5.0,1180310400
ATK1PI2HWROER,0316018953,4.0,1308528000
A1CNQTCRQ35IMM,0316018953,4.0,1316995200
A1DYMH30TSRONY,0316018953,3.0,1210896000
A680RUE1FDO8B,0316018953,5.0,1180483200
A1LKSZ9CYJ6829,0316018953,4.0,1182988800
A9LAPV8XNKZVZ,0316018953,4.0,1185840000
A2RPIGO3G4M6GN,0316018953,4.0,1202342400
A2AYSFGUP5VTY3,0316018953,1.0,1307836800
A30TK6U7DNS82R,0316018953,5.0,1188518400
A2F6SZLKG0TOJ7,0316018953,3.0,1184544000
A3VMCKYN22X0CO,0316018953,4.0,1181347200
A3LF914GG87TWP,0316018953,4.0,1219622400
A3NLJZI5NEOT0K,0316018953,4.0,1240704000
A2SI6BNK5SWSMD,0316018953,4.0,1186617600
A2MF2QVSCUI27G,0316018953,4.0,1180137600
A2GBJQ9THOYDAJ,0316018953,3.0,1273276800
A3Z9QN0RCOHEY,0316018953,3.0,1237593600
AHUT55E980RDR,0316018953,4.0,1235692800
A232HUAELH5J6V,0316018953,4.0,1313452800
AS6SH2JM2YY3H,0316018953,4.0,1180310400
A3H8NJ5PJNLFD5,0316024961,5.0,1169769600
AYT4FJYVCHYLE,0316024961,2.0,1162080000
A1BI8PUEHA5CHW,0316024961,3.0,1221091200
A24H4WUFUDPTAA,0316024961,4.0,1215302400
A1T17LMQABMBN5,0316024961,5.0,1199232000
A1HA6KZZNDCME9,0316024961,5.0,1169510400
A2NHD7LUXVGTD3,0316024961,3.0,1230249600
A1D2C0WDCSHUWZ,0316024961,1.0,1316390400
AFVQZQ8PW0L,0316024961,4.0,1207872000
A1CNQTCRQ35IMM,0316024961,5.0,1173484800
A3A6GXILVT9JNW,0316024961,4.0,1295654400
ABMX8XUNPR3LP,0316024961,4.0,1256428800
A1AKQ1YUS4BT82,0316024961,5.0,1176076800
A29NUB3P6YIWZG,0316024961,3.0,1289952000
A126YLPKFPNQDS,0316024961,5.0,1161561600
A17U562HOY2OQV,0316024961,4.0,1218412800
A1YZ3IJXI2J119,0316024961,5.0,1179446400
A2EDZH51XHFA9B,0316024961,1.0,1228521600
AMLA0B6EHD4OS,0316024961,4.0,1279929600
AFVZXHIUSXINA,0316024961,3.0,1167955200
A2TX179XAT5GRP,0316024961,4.0,1160524800
A1D5RCOILPC9LX,0316024961,5.0,1232323200
A1POFVVXUZR3IQ,0316024961,5.0,1171411200
AYT4FJYVCHYLE,0316027650,1.0,1191542400
A1BI8PUEHA5CHW,0316027650,4.0,1221264000
A24H4WUFUDPTAA,0316027650,4.0,1215993600
A1T17LMQABMBN5,0316027650,4.0,1201564800
A1D2C0WDCSHUWZ,0316027650,1.0,1292889600
AFVQZQ8PW0L,0316027650,4.0,1208044800
A1CNQTCRQ35IMM,0316027650,5.0,1199404800
A3A6GXILVT9JNW,0316027650,3.0,1295654400
ABMX8XUNPR3LP,0316027650,3.0,1262476800
A1AKQ1YUS4BT82,0316027650,4.0,1187913600
A22B13EJTZKCTM,0316027650,5.0,1193788800
A29NUB3P6YIWZG,0316027650,2.0,1299974400
A3Z9QN0RCOHEY,0316027650,4.0,1218931200
A186ZAYP2L4CDZ,0316027650,3.0,1188086400
A126YLPKFPNQDS,0316027650,4.0,1191888000
A17U562HOY2OQV,0316027650,3.0,1219795200
A1YZ3IJXI2J119,0316027650,5.0,1196208000
A2EDZH51XHFA9B,0316027650,1.0,1228521600
A36TDC5SGAN0EP,0316027650,4.0,1279584000
A2TX179XAT5GRP,0316027650,5.0,1190332800
A1D5RCOILPC9LX,0316027650,5.0,1232496000
A1RAUVCWYHTQI4,0316032212,4.0,1257984000
A2F6N60Z96CAJI,0316032212,5.0,1237939200
A2H44WVZS59KKT,0316032212,5.0,1315267200
AC1K4OQOZ90RS,0316032212,4.0,1232150400
AIO247KHD2O40,0316032212,5.0,1240617600
A9LAPV8XNKZVZ,0316032212,5.0,1232928000
A2DSXA1E02C86D,0316032212,5.0,1243728000
A3VMCKYN22X0CO,0316032212,4.0,1232928000
A2MF2QVSCUI27G,0316032212,4.0,1230854400
A2TBZAC0XYHLIB,0316032212,5.0,1232064000
A2GBJQ9THOYDAJ,0316032212,4.0,1343520000
A14OJS0VWMOSWO,0316032212,5.0,1236988800
A3Z9QN0RCOHEY,0316032212,4.0,1232409600
A186ZAYP2L4CDZ,0316032212,5.0,1234915200
A3U29LBT749HJ0,0316032212,5.0,1281744000
A3I8FT707XKQAJ,0316032212,4.0,1274054400
A36TDC5SGAN0EP,0316032212,4.0,1257897600
AKPKPMWM6IIU5,0316032212,3.0,1235001600
A2F6N60Z96CAJI,0316036919,5.0,1214784000
AYT4FJYVCHYLE,0316036919,4.0,1227571200
A27R2V3WLS43LP,0316036919,3.0,1229817600
A2QZVW56O4WSBT,0316036919,5.0,1298764800
A1T17LMQABMBN5,0316036919,2.0,1246838400
A28WJUJF6D2ULA,0316036919,4.0,1371513600
A1X4L7AO1BXMHK,0316036919,5.0,1245283200
A1HA6KZZNDCME9,0316036919,4.0,1217116800
AFVQZQ8PW0L,0316036919,4.0,1210032000
A1CNQTCRQ35IMM,0316036919,5.0,1210982400
ABMX8XUNPR3LP,0316036919,5.0,1289001600
A2DSXA1E02C86D,0316036919,4.0,1264464000
A1AKQ1YUS4BT82,0316036919,5.0,1219449600
A22B13EJTZKCTM,0316036919,3.0,1233100800
A11L3YX5WIDKJ,0316036919,5.0,1373932800
A126YLPKFPNQDS,0316036919,5.0,1218240000
A24ZMNWTW8AQUR,0316036919,5.0,1210032000
ANEDXRFDZDL18,0316036919,3.0,1230595200
A2TX179XAT5GRP,0316036919,5.0,1225324800
A1D5RCOILPC9LX,0316036919,4.0,1232496000
A1BI8PUEHA5CHW,031604461X,5.0,1222560000
A24H4WUFUDPTAA,031604461X,1.0,1219363200
A1T17LMQABMBN5,031604461X,3.0,1218326400
A1D2C0WDCSHUWZ,031604461X,1.0,1327622400
A1CNQTCRQ35IMM,031604461X,5.0,1218153600
A3A6GXILVT9JNW,031604461X,2.0,1296086400
ABMX8XUNPR3LP,031604461X,4.0,1269907200
A1AKQ1YUS4BT82,031604461X,2.0,1218326400
A370Z6I5GBWU44,031604461X,1.0,1232755200
A3Z9QN0RCOHEY,031604461X,4.0,1222214400
A186ZAYP2L4CDZ,031604461X,2.0,1339545600
A126YLPKFPNQDS,031604461X,4.0,1222473600
A17U562HOY2OQV,031604461X,3.0,1220140800
A36TDC5SGAN0EP,031604461X,4.0,1284940800
AFVZXHIUSXINA,031604461X,5.0,1227052800
A2TX179XAT5GRP,031604461X,5.0,1217980800
A1D5RCOILPC9LX,031604461X,3.0,1232582400
A1POFVVXUZR3IQ,031604461X,3.0,1219449600
A9LAPV8XNKZVZ,0316069353,2.0,1303171200
A2HM0BZWQRV1EF,0316069353,5.0,1319846400
A2F6N60Z96CAJI,0316069353,5.0,1302652800
A27R2V3WLS43LP,0316069353,4.0,1301961600
A39ABKRS1MKFTW,0316069353,5.0,1302134400
A2B1GZIRD6W646,0316069353,5.0,1318464000
A1K1JW1C5CUSUZ,0316069353,5.0,1302912000
A1GARI2JT6EAWA,0316069353,3.0,1346976000
AFVQZQ8PW0L,0316069353,5.0,1302307200
A2KWQ64TRHB3YH,0316069353,5.0,1305763200
ATK1PI2HWROER,0316069353,5.0,1325030400
AIO247KHD2O40,0316069353,5.0,1310169600
A1CNQTCRQ35IMM,0316069353,3.0,1318550400
A1DYMH30TSRONY,0316069353,4.0,1314316800
A2F6SZLKG0TOJ7,0316069353,3.0,1310342400
A3VMCKYN22X0CO,0316069353,4.0,1302739200
A3NLJZI5NEOT0K,0316069353,5.0,1312416000
A2SI6BNK5SWSMD,0316069353,4.0,1310256000
A2MF2QVSCUI27G,0316069353,4.0,1301961600
A2GBJQ9THOYDAJ,0316069353,3.0,1307404800
A2F3M93RRLFQNJ,0316069353,5.0,1341360000
A232HUAELH5J6V,0316069353,4.0,1319068800
A1XRQ6YJ7HXQFQ,0316069353,4.0,1311292800
A21NVBFIEQWDSG,0316069418,5.0,1225756800
A2X29H96X7C3XJ,0316069418,4.0,1357862400
A2F6N60Z96CAJI,0316069418,5.0,1326240000
AYT4FJYVCHYLE,0316069418,4.0,1325635200
A27R2V3WLS43LP,0316069418,4.0,1229644800
A24H4WUFUDPTAA,0316069418,5.0,1223942400
A11B61QBGHLQDN,0316069418,5.0,1359158400
A39ABKRS1MKFTW,0316069418,5.0,1325980800
A2B1GZIRD6W646,0316069418,5.0,1224460800
A1K1JW1C5CUSUZ,0316069418,4.0,1323820800
A1GARI2JT6EAWA,0316069418,5.0,1388188800
AC1K4OQOZ90RS,0316069418,5.0,1224028800
A3BH49ZKESHDID,0316069418,5.0,1350777600
AFVQZQ8PW0L,0316069418,5.0,1224720000
A2KWQ64TRHB3YH,0316069418,5.0,1250553600
ATK1PI2HWROER,0316069418,4.0,1338422400
AIO247KHD2O40,0316069418,5.0,1231286400
A1CNQTCRQ35IMM,0316069418,5.0,1323734400
A3DIGM3KB4E11V,0316069418,5.0,1225324800
A680RUE1FDO8B,0316069418,5.0,1226880000
A1LKSZ9CYJ6829,0316069418,3.0,1243728000
A9LAPV8XNKZVZ,0316069418,4.0,1226448000
A2RPIGO3G4M6GN,0316069418,3.0,1344556800
A2AYSFGUP5VTY3,0316069418,4.0,1309132800
A2F6SZLKG0TOJ7,0316069418,4.0,1232496000
A3VMCKYN22X0CO,0316069418,4.0,1226534400
A3NLJZI5NEOT0K,0316069418,3.0,1326499200
A2SI6BNK5SWSMD,0316069418,5.0,1231372800
A2MF2QVSCUI27G,0316069418,5.0,1227225600
A2VG0RY3EUWZKB,0316069418,5.0,1225670400
A2I6MHMAZZDCRX,0316069418,5.0,1401148800
A319KYEIAZ3SON,0316069418,5.0,1223856000
A1U360OMVQRPUB,0316069418,5.0,1388361600
A2GBJQ9THOYDAJ,0316069418,4.0,1231632000
A3U29LBT749HJ0,0316069418,5.0,1230595200
AHUT55E980RDR,0316069418,5.0,1231027200
A232HUAELH5J6V,0316069418,4.0,1309910400
AKPKPMWM6IIU5,0316069418,3.0,1326844800
A1XRQ6YJ7HXQFQ,0316069418,5.0,1232582400
A2HM0BZWQRV1EF,0316069434,5.0,1363305600
A2X29H96X7C3XJ,0316069434,4.0,1354320000
AYT4FJYVCHYLE,0316069434,3.0,1355529600
A39ABKRS1MKFTW,0316069434,5.0,1360627200
A2B1GZIRD6W646,0316069434,5.0,1370304000
A1K1JW1C5CUSUZ,0316069434,4.0,1356566400
A1GARI2JT6EAWA,0316069434,5.0,1390003200
AC1K4OQOZ90RS,0316069434,5.0,1353715200
A3BH49ZKESHDID,0316069434,5.0,1355097600
A2KWQ64TRHB3YH,0316069434,5.0,1361318400
ATK1PI2HWROER,0316069434,5.0,1371168000
A1CNQTCRQ35IMM,0316069434,5.0,1354233600
A680RUE1FDO8B,0316069434,5.0,1355788800
A1LKSZ9CYJ6829,0316069434,4.0,1355788800
A9LAPV8XNKZVZ,0316069434,4.0,1354838400
A30TK6U7DNS82R,0316069434,3.0,1356048000
A3NLJZI5NEOT0K,0316069434,4.0,1362182400
A1U360OMVQRPUB,0316069434,5.0,1388361600
A2GBJQ9THOYDAJ,0316069434,4.0,1362096000
AKPKPMWM6IIU5,0316069434,4.0,1358985600
A1RAUVCWYHTQI4,0316069485,5.0,1286582400
A2HM0BZWQRV1EF,0316069485,4.0,1319587200
A2F6N60Z96CAJI,0316069485,4.0,1286928000
AYT4FJYVCHYLE,0316069485,5.0,1303862400
A11B61QBGHLQDN,0316069485,4.0,1292371200
A39ABKRS1MKFTW,0316069485,5.0,1286668800
A2B1GZIRD6W646,0316069485,4.0,1315440000
A1K1JW1C5CUSUZ,0316069485,4.0,1288224000
A1GARI2JT6EAWA,0316069485,4.0,1325376000
AC1K4OQOZ90RS,0316069485,5.0,1286236800
A3BH49ZKESHDID,0316069485,4.0,1289088000
AFVQZQ8PW0L,0316069485,5.0,1286668800
ATK1PI2HWROER,0316069485,4.0,1303430400
AIO247KHD2O40,0316069485,4.0,1288915200
A1CNQTCRQ35IMM,0316069485,3.0,1318118400
A1DYMH30TSRONY,0316069485,4.0,1287532800
A680RUE1FDO8B,0316069485,5.0,1289260800
A1LKSZ9CYJ6829,0316069485,3.0,1299542400
A9LAPV8XNKZVZ,0316069485,4.0,1286841600
A2RPIGO3G4M6GN,0316069485,3.0,1309392000
A3NLJZI5NEOT0K,0316069485,5.0,1294012800
A2SI6BNK5SWSMD,0316069485,4.0,1288742400
A2MF2QVSCUI27G,0316069485,5.0,1286236800
A2I6MHMAZZDCRX,0316069485,5.0,1402963200
A2TBZAC0XYHLIB,0316069485,4.0,1293753600
A2GBJQ9THOYDAJ,0316069485,3.0,1289865600
A14OJS0VWMOSWO,0316069485,5.0,1297641600
A2F3M93RRLFQNJ,0316069485,4.0,1334016000
AKPKPMWM6IIU5,0316069485,3.0,1290816000
A2ZHH7AK83JB5G,0316069485,3.0,1296950400
A1XRQ6YJ7HXQFQ,0316069485,4.0,1293580800
A2HM0BZWQRV1EF,0316075841,5.0,1281830400
A2F6N60Z96CAJI,0316075841,4.0,1256515200
A1E2NA2F4RTQ9B,0316075841,4.0,1323302400
A1K1JW1C5CUSUZ,0316075841,4.0,1257638400
AC1K4OQOZ90RS,0316075841,4.0,1255996800
A3RFXU3P0XKKF4,0316075841,5.0,1296345600
A1CNQTCRQ35IMM,0316075841,4.0,1382227200
A680RUE1FDO8B,0316075841,5.0,1269993600
A22RY8N8CNDF3A,0316075841,1.0,1256515200
A13G1TKIKHGV3F,0316075841,3.0,1368662400
A2GBJQ9THOYDAJ,0316075841,5.0,1319155200
A232HUAELH5J6V,0316075841,3.0,1305849600
A26JGAM6GZMM4V,0316075841,5.0,1258070400
A16IITISD2LAX0,0316075841,3.0,1268092800
AHD101501WCN1,0316075841,5.0,1256428800
AKPKPMWM6IIU5,0316075841,3.0,1275436800
A3R19YKNL641X3,0316075841,5.0,1317686400
A39650P2CZUUC9,0316098329,5.0,1295568000
A2F6N60Z96CAJI,0316098329,5.0,1284940800
AYT4FJYVCHYLE,0316098329,4.0,1286841600
A2H44WVZS59KKT,0316098329,5.0,1307404800
A24H4WUFUDPTAA,0316098329,5.0,1295049600
A2QZVW56O4WSBT,0316098329,5.0,1296864000
A1E2NA2F4RTQ9B,0316098329,5.0,1313020800
A2RQ0AT4XZUIXL,0316098329,3.0,1290211200
A1CHM200OEN65X,0316098329,5.0,1292284800
AFVQZQ8PW0L,0316098329,5.0,1284854400
A1DYMH30TSRONY,0316098329,5.0,1283385600
A2TSTJP0B3A3H5,0316098329,5.0,1285372800
A2E3GFHUDNPYDH,0316098329,2.0,1295740800
A1AKQ1YUS4BT82,0316098329,4.0,1286150400
A1ER5AYS3FQ9O3,0316098329,5.0,1287273600
A3Q86MZSVUUAD8,0316098329,5.0,1302393600
A2MF2QVSCUI27G,0316098329,4.0,1289865600
AOKGRSAS5VNS3,0316098329,5.0,1284768000
A25KKXUQQ0OLWB,0316098329,5.0,1316908800
A2VG0RY3EUWZKB,0316098329,5.0,1288051200
A3T0OTH5072YRE,0316098329,3.0,1388361600
A3Z9QN0RCOHEY,0316098329,5.0,1282953600
ACEOOCYZRPWF3,0316098329,4.0,1285632000
A1F3DFRPGVEUI8,0316098329,4.0,1308528000
A1N1YEMTI9DJ86,0316098329,5.0,1358553600
AKPKPMWM6IIU5,0316098329,4.0,1288051200
A2ZHH7AK83JB5G,0316098329,3.0,1322092800
A1D5RCOILPC9LX,0316098329,5.0,1368403200
A19UT0OPQCDR8,031613399X,5.0,1317168000
AISUSPFYY68RO,031613399X,4.0,1316476800
AYT4FJYVCHYLE,031613399X,5.0,1323129600
A1D2C0WDCSHUWZ,031613399X,5.0,1337212800
ABMX8XUNPR3LP,031613399X,4.0,1332201600
A2TSTJP0B3A3H5,031613399X,5.0,1315094400
A22B13EJTZKCTM,031613399X,4.0,1330905600
A3LF914GG87TWP,031613399X,5.0,1323561600
A2TBZAC0XYHLIB,031613399X,5.0,1324166400
A2X6WMYTYRE130,031613399X,5.0,1316822400
AQ6AGWKWMTY8H,031613399X,5.0,1318809600
A2AIE9DO5QSVBD,031613399X,4.0,1391644800
A4FX5YCJA630V,031613399X,4.0,1351123200
A3BSM1MMD6QHIP,031613399X,3.0,1317600000
A24ZMNWTW8AQUR,031613399X,4.0,1323907200
A2G09684ZOK8X2,031613399X,5.0,1333843200
A1D5RCOILPC9LX,031613399X,5.0,1400803200
A2F6N60Z96CAJI,0316153915,4.0,1036800000
AYT4FJYVCHYLE,0316153915,3.0,1038700800
A39ABKRS1MKFTW,0316153915,3.0,1380153600
A2B1GZIRD6W646,0316153915,4.0,1070064000
A1K1JW1C5CUSUZ,0316153915,4.0,1223251200
A1GARI2JT6EAWA,0316153915,5.0,1195689600
AC1K4OQOZ90RS,0316153915,2.0,1036800000
A4R8GJX3UZ1I,0316153915,4.0,1049328000
A30KEXFT9SILL6,0316153915,3.0,1052524800
A3M174IC0VXOS2,0316153915,5.0,1078963200
AFVQZQ8PW0L,0316153915,4.0,1034640000
ATK1PI2HWROER,0316153915,3.0,1323993600
AIO247KHD2O40,0316153915,4.0,1092441600
A1CNQTCRQ35IMM,0316153915,2.0,1318809600
A9LAPV8XNKZVZ,0316153915,3.0,1036972800
A2RPIGO3G4M6GN,0316153915,4.0,1098230400
A2F6SZLKG0TOJ7,0316153915,5.0,1058400000
A3VMCKYN22X0CO,0316153915,3.0,1036800000
A3NLJZI5NEOT0K,0316153915,3.0,1207353600
A2GBJQ9THOYDAJ,0316153915,3.0,1254614400
A2F3M93RRLFQNJ,0316153915,4.0,1064361600
AG35NEEFCMQVR,0316153915,5.0,1035244800
A1RAUVCWYHTQI4,0316154059,4.0,1041120000
AYT4FJYVCHYLE,0316154059,4.0,1020124800
A11B61QBGHLQDN,0316154059,4.0,1175472000
A39ABKRS1MKFTW,0316154059,4.0,1145836800
A2B1GZIRD6W646,0316154059,4.0,1076889600
A1K1JW1C5CUSUZ,0316154059,4.0,1214784000
A1GARI2JT6EAWA,0316154059,5.0,1241308800
AC1K4OQOZ90RS,0316154059,5.0,1020556800
A4R8GJX3UZ1I,0316154059,5.0,1031184000
A3M174IC0VXOS2,0316154059,5.0,1018915200
AKB2PYODH0TKS,0316154059,4.0,1240185600
AFVQZQ8PW0L,0316154059,4.0,1019088000
ATK1PI2HWROER,0316154059,5.0,1278720000
A1CNQTCRQ35IMM,0316154059,4.0,1315612800
A680RUE1FDO8B,0316154059,5.0,1130112000
A1LKSZ9CYJ6829,0316154059,4.0,1127001600
A9LAPV8XNKZVZ,0316154059,4.0,1021420800
A2RPIGO3G4M6GN,0316154059,5.0,1081987200
A2AYSFGUP5VTY3,0316154059,2.0,1306713600
A3LF914GG87TWP,0316154059,5.0,1213228800
A3NLJZI5NEOT0K,0316154059,4.0,1194912000
A2VG0RY3EUWZKB,0316154059,4.0,1027296000
A1M4NJYP0WNL8Q,0316154059,5.0,1035244800
A2F3M93RRLFQNJ,0316154059,5.0,1051488000
A1RMHZSWZ7ZEQO,0316154059,3.0,1064188800
A3KCMEJTRQHNAP,0316154059,5.0,1019520000
A1F3DFRPGVEUI8,0316154059,4.0,1258934400
A1RAUVCWYHTQI4,0316154075,4.0,1042329600
AYT4FJYVCHYLE,0316154075,3.0,987379200
A39ABKRS1MKFTW,0316154075,5.0,1149811200
A2B1GZIRD6W646,0316154075,4.0,1018569600
A1K1JW1C5CUSUZ,0316154075,5.0,1215475200
A30KEXFT9SILL6,0316154075,4.0,1050192000
AFVQZQ8PW0L,0316154075,5.0,980467200
ATK1PI2HWROER,0316154075,4.0,1275264000
AIO247KHD2O40,0316154075,5.0,1051660800
A1CNQTCRQ35IMM,0316154075,4.0,1315267200
A1LKSZ9CYJ6829,0316154075,4.0,1126137600
A9LAPV8XNKZVZ,0316154075,4.0,980467200
A2RPIGO3G4M6GN,0316154075,4.0,1063238400
A2AYSFGUP5VTY3,0316154075,4.0,1307836800
A2F6SZLKG0TOJ7,0316154075,4.0,1052092800
A3VMCKYN22X0CO,0316154075,3.0,981936000
A3LF914GG87TWP,0316154075,5.0,1213228800
A3NLJZI5NEOT0K,0316154075,4.0,1194998400
A2VG0RY3EUWZKB,0316154075,4.0,980812800
A2GBJQ9THOYDAJ,0316154075,4.0,1253491200
A2F3M93RRLFQNJ,0316154075,5.0,1042329600
AHUT55E980RDR,0316154075,3.0,1023840000
A3KCMEJTRQHNAP,0316154075,5.0,980726400
A1RAUVCWYHTQI4,0316154601,2.0,1351555200
A2PWUIQG57O1AZ,0316154601,3.0,1089158400
A2F6N60Z96CAJI,0316154601,4.0,1049500800
AYT4FJYVCHYLE,0316154601,5.0,1053648000
A11B61QBGHLQDN,0316154601,5.0,1206576000
A39ABKRS1MKFTW,0316154601,4.0,1151539200
A2B1GZIRD6W646,0316154601,5.0,1109980800
A1K1JW1C5CUSUZ,0316154601,4.0,1214784000
A1GARI2JT6EAWA,0316154601,5.0,1205193600
AC1K4OQOZ90RS,0316154601,5.0,1053129600
A30KEXFT9SILL6,0316154601,4.0,1081641600
AFVQZQ8PW0L,0316154601,5.0,1050105600
ATK1PI2HWROER,0316154601,5.0,1291939200
A1CNQTCRQ35IMM,0316154601,5.0,1315872000
A680RUE1FDO8B,0316154601,5.0,1130112000
A1LKSZ9CYJ6829,0316154601,3.0,1127520000
A9LAPV8XNKZVZ,0316154601,3.0,1052784000
A2RPIGO3G4M6GN,0316154601,5.0,1095379200
A2AYSFGUP5VTY3,0316154601,4.0,1306713600
A2F6SZLKG0TOJ7,0316154601,5.0,1068163200
A3LF914GG87TWP,0316154601,4.0,1219622400
A3NLJZI5NEOT0K,0316154601,5.0,1205712000
A2VG0RY3EUWZKB,0316154601,5.0,1054512000
A2GBJQ9THOYDAJ,0316154601,4.0,1271980800
AHUT55E980RDR,0316154601,5.0,1239494400
A3OJAWIMUKNHTP,0316154601,5.0,1053129600
A3KCMEJTRQHNAP,0316154601,5.0,1054512000
A3I8FT707XKQAJ,0316154601,2.0,1274140800
A3R19YKNL641X3,0316154601,4.0,1155340800
A21NVBFIEQWDSG,0316154741,5.0,1128384000
A1RAUVCWYHTQI4,0316154741,4.0,1147478400
A2PWUIQG57O1AZ,0316154741,5.0,1149984000
A2F6N60Z96CAJI,0316154741,5.0,1129161600
AYT4FJYVCHYLE,0316154741,5.0,1139529600
A2MF4TISBBQT5A,0316154741,4.0,1260403200
A11B61QBGHLQDN,0316154741,5.0,1152662400
A39ABKRS1MKFTW,0316154741,5.0,1153785600
A2B1GZIRD6W646,0316154741,4.0,1186099200
A1K1JW1C5CUSUZ,0316154741,5.0,1221782400
A1GARI2JT6EAWA,0316154741,5.0,1274140800
AC1K4OQOZ90RS,0316154741,5.0,1128729600
A3M174IC0VXOS2,0316154741,5.0,1131408000
AIO247KHD2O40,0316154741,4.0,1136678400
A1CNQTCRQ35IMM,0316154741,4.0,1311292800
A1DYMH30TSRONY,0316154741,4.0,1143763200
A3DIGM3KB4E11V,0316154741,5.0,1134259200
A680RUE1FDO8B,0316154741,5.0,1131840000
A1LKSZ9CYJ6829,0316154741,4.0,1133308800
A9LAPV8XNKZVZ,0316154741,4.0,1130112000
A1M8PP7MLHNBQB,0316154741,5.0,1134086400
A2RPIGO3G4M6GN,0316154741,2.0,1329350400
A2AYSFGUP5VTY3,0316154741,3.0,1306713600
A3VMCKYN22X0CO,0316154741,4.0,1142467200
A3NLJZI5NEOT0K,0316154741,4.0,1211500800
A2SI6BNK5SWSMD,0316154741,5.0,1131667200
A2VG0RY3EUWZKB,0316154741,5.0,1129507200
A319KYEIAZ3SON,0316154741,5.0,1133308800
A2GBJQ9THOYDAJ,0316154741,5.0,1141084800
A2F3M93RRLFQNJ,0316154741,5.0,1172275200
A3U29LBT749HJ0,0316154741,5.0,1164931200
AHUT55E980RDR,0316154741,5.0,1235865600
A232HUAELH5J6V,0316154741,5.0,1344384000
A1RMHZSWZ7ZEQO,0316154741,4.0,1144108800
A3I8FT707XKQAJ,0316154741,4.0,1274054400
A3R19YKNL641X3,0316154741,5.0,1139788800
A2PWUIQG57O1AZ,0316155306,4.0,1097020800
A2F6N60Z96CAJI,0316155306,5.0,1084665600
AYT4FJYVCHYLE,0316155306,4.0,1084320000
A11B61QBGHLQDN,0316155306,3.0,1169337600
A39ABKRS1MKFTW,0316155306,3.0,1147737600
A2B1GZIRD6W646,0316155306,5.0,1084320000
A1K1JW1C5CUSUZ,0316155306,5.0,1214784000
A1GARI2JT6EAWA,0316155306,5.0,1207180800
AC1K4OQOZ90RS,0316155306,5.0,1084060800
A3BH49ZKESHDID,0316155306,4.0,1272067200
ATK1PI2HWROER,0316155306,5.0,1299888000
A1RECBDKHVOJMW,0316155306,5.0,1120003200
A1CNQTCRQ35IMM,0316155306,4.0,1316217600
A680RUE1FDO8B,0316155306,5.0,1120780800
A1LKSZ9CYJ6829,0316155306,4.0,1128384000
A9LAPV8XNKZVZ,0316155306,3.0,1085184000
A2RPIGO3G4M6GN,0316155306,5.0,1099440000
A2AYSFGUP5VTY3,0316155306,3.0,1306713600
A30TK6U7DNS82R,0316155306,4.0,1093132800
A3LF914GG87TWP,0316155306,5.0,1215475200
A3NLJZI5NEOT0K,0316155306,4.0,1193443200
A2SI6BNK5SWSMD,0316155306,3.0,1113004800
A2VG0RY3EUWZKB,0316155306,5.0,1088985600
A1M4NJYP0WNL8Q,0316155306,5.0,1129680000
A2GBJQ9THOYDAJ,0316155306,4.0,1272931200
A2F3M93RRLFQNJ,0316155306,5.0,1140048000
AHUT55E980RDR,0316155306,5.0,1239580800
A3OJAWIMUKNHTP,0316155306,4.0,1086652800
A3I8FT707XKQAJ,0316155306,2.0,1274054400
A36TDC5SGAN0EP,0316155306,4.0,1286496000
A3R19YKNL641X3,0316155306,4.0,1093132800
A2F6N60Z96CAJI,0316159778,5.0,1140566400
A39ABKRS1MKFTW,0316159778,3.0,1170028800
A1HA6KZZNDCME9,0316159778,5.0,1140048000
A3BH49ZKESHDID,0316159778,4.0,1146873600
AFVQZQ8PW0L,0316159778,5.0,1140048000
AIO247KHD2O40,0316159778,2.0,1145923200
ABMX8XUNPR3LP,0316159778,4.0,1263686400
A1M8PP7MLHNBQB,0316159778,5.0,1145750400
A2RPIGO3G4M6GN,0316159778,3.0,1177200000
A1IOJE0W1NXOSE,0316159778,3.0,1153526400
A3VMCKYN22X0CO,0316159778,4.0,1141344000
A2I6MHMAZZDCRX,0316159778,3.0,1250121600
A14OJS0VWMOSWO,0316159778,5.0,1207180800
A186ZAYP2L4CDZ,0316159778,4.0,1200268800
A2O5RT4RCC4NU2,0316159778,4.0,1378771200
A3OJAWIMUKNHTP,0316159778,5.0,1140825600
AS6SH2JM2YY3H,0316159778,4.0,1151020800
A3R19YKNL641X3,0316159778,4.0,1149379200
A3TAF7M58DN46F,0316159778,4.0,1373328000
A2F6N60Z96CAJI,0316166308,5.0,1243987200
AYT4FJYVCHYLE,0316166308,4.0,1252713600
A39ABKRS1MKFTW,0316166308,5.0,1243728000
A2B1GZIRD6W646,0316166308,5.0,1253836800
A1K1JW1C5CUSUZ,0316166308,4.0,1245715200
A1GARI2JT6EAWA,0316166308,5.0,1272585600
AC1K4OQOZ90RS,0316166308,4.0,1243728000
A3BH49ZKESHDID,0316166308,5.0,1244937600
AFVQZQ8PW0L,0316166308,5.0,1243555200
A2KWQ64TRHB3YH,0316166308,4.0,1255996800
A1CNQTCRQ35IMM,0316166308,5.0,1312243200
A1DYMH30TSRONY,0316166308,4.0,1250726400
A3DIGM3KB4E11V,0316166308,5.0,1243728000
A680RUE1FDO8B,0316166308,4.0,1243900800
A1LKSZ9CYJ6829,0316166308,4.0,1259107200
A9LAPV8XNKZVZ,0316166308,4.0,1244419200
A2AYSFGUP5VTY3,0316166308,3.0,1309046400
A2F6SZLKG0TOJ7,0316166308,4.0,1249430400
A3VMCKYN22X0CO,0316166308,4.0,1244678400
A3NLJZI5NEOT0K,0316166308,4.0,1308441600
A2SI6BNK5SWSMD,0316166308,3.0,1247011200
A2MF2QVSCUI27G,0316166308,5.0,1243296000
A2VG0RY3EUWZKB,0316166308,5.0,1243728000
A319KYEIAZ3SON,0316166308,4.0,1250380800
A2GBJQ9THOYDAJ,0316166308,3.0,1261008000
A14OJS0VWMOSWO,0316166308,5.0,1253059200
A2ZHH7AK83JB5G,0316166308,3.0,1249948800
A1XRQ6YJ7HXQFQ,0316166308,5.0,1248048000
A2F6N60Z96CAJI,0316166316,5.0,1255910400
AYT4FJYVCHYLE,0316166316,3.0,1285545600
A27R2V3WLS43LP,0316166316,4.0,1255824000
A11B61QBGHLQDN,0316166316,4.0,1286928000
A39ABKRS1MKFTW,0316166316,4.0,1254009600
A2B1GZIRD6W646,0316166316,5.0,1256428800
A1K1JW1C5CUSUZ,0316166316,5.0,1256601600
A1GARI2JT6EAWA,0316166316,5.0,1255996800
AC1K4OQOZ90RS,0316166316,3.0,1255392000
A3BH49ZKESHDID,0316166316,4.0,1289347200
A30KEXFT9SILL6,0316166316,3.0,1276646400
AFVQZQ8PW0L,0316166316,5.0,1255737600
A2KWQ64TRHB3YH,0316166316,5.0,1258848000
ATK1PI2HWROER,0316166316,4.0,1312934400
A1CNQTCRQ35IMM,0316166316,4.0,1317686400
A1DYMH30TSRONY,0316166316,3.0,1259798400
A680RUE1FDO8B,0316166316,3.0,1257206400
A1LKSZ9CYJ6829,0316166316,4.0,1263513600
A3JVE1D10L1CFA,0316166316,3.0,1377043200
A9LAPV8XNKZVZ,0316166316,2.0,1259107200
A2RPIGO3G4M6GN,0316166316,5.0,1272326400
A2AYSFGUP5VTY3,0316166316,2.0,1307836800
A30TK6U7DNS82R,0316166316,3.0,1268611200
A3VMCKYN22X0CO,0316166316,4.0,1254355200
A2SI6BNK5SWSMD,0316166316,4.0,1262563200
A1U360OMVQRPUB,0316166316,4.0,1295049600
A2GBJQ9THOYDAJ,0316166316,3.0,1274486400
A3U29LBT749HJ0,0316166316,4.0,1254700800
AHUT55E980RDR,0316166316,5.0,1253836800
A232HUAELH5J6V,0316166316,4.0,1350518400
A1RMHZSWZ7ZEQO,0316166316,4.0,1258329600
A3I8FT707XKQAJ,0316166316,3.0,1274054400
AKPKPMWM6IIU5,0316166316,3.0,1262390400
A1XRQ6YJ7HXQFQ,0316166316,5.0,1261440000
A2HM0BZWQRV1EF,0316204366,5.0,1403481600
A2F6N60Z96CAJI,0316204366,5.0,1381795200
A3NHUQ33CFH3VM,0316204366,5.0,1380672000
A1DPU1ZBRWSFD3,0316204366,2.0,1384646400
A3UW23DBF2KHWC,0316204366,4.0,1390521600
A1K1JW1C5CUSUZ,0316204366,4.0,1382140800
AWFMGDUUGNGYW,0316204366,5.0,1389830400
AC1K4OQOZ90RS,0316204366,5.0,1402012800
A2KWQ64TRHB3YH,0316204366,5.0,1382313600
A1CNQTCRQ35IMM,0316204366,5.0,1382054400
A3JVE1D10L1CFA,0316204366,3.0,1386979200
A1ER5AYS3FQ9O3,0316204366,4.0,1380585600
ATFRPYKXCCTJX,0316204366,2.0,1388102400
A22RY8N8CNDF3A,0316204366,1.0,1380585600
A2GBJQ9THOYDAJ,0316204366,5.0,1382054400
A8N3FYDA2VUYY,0316204366,5.0,1387065600
A26JGAM6GZMM4V,0316204366,4.0,1381104000
A1F3DFRPGVEUI8,0316204366,4.0,1386547200
A16IITISD2LAX0,0316204366,2.0,1394064000
AHD101501WCN1,0316204366,5.0,1387670400
AKPKPMWM6IIU5,0316204366,5.0,1382659200
AITIU2DG1MM4A,0316204366,3.0,1391385600
A2XXQJBK2IDMGI,0316204366,5.0,1387411200
A8710RWTFG3IY,0316228532,4.0,1349222400
A2F6N60Z96CAJI,0316228532,4.0,1350259200
A2QZVW56O4WSBT,0316228532,5.0,1376697600
A2ZY49IDE6TY5I,0316228532,3.0,1350777600
A28WJUJF6D2ULA,0316228532,5.0,1371686400
A2VV2MISGXFY1O,0316228532,3.0,1348704000
A2KWQ64TRHB3YH,0316228532,2.0,1355875200
A1CNQTCRQ35IMM,0316228532,2.0,1349654400
A1DYMH30TSRONY,0316228532,4.0,1388793600
A3NPRWXTO85BJ0,0316228532,3.0,1352678400
A319KYEIAZ3SON,0316228532,3.0,1348876800
A3IJHV3XZZEED5,0316228532,3.0,1393372800
A186ZAYP2L4CDZ,0316228532,3.0,1354838400
A19GJX6TTSK0C0,0316228532,3.0,1356998400
AKPKPMWM6IIU5,0316228532,2.0,1361491200
A2ZHH7AK83JB5G,0316228532,4.0,1354752000
A1POFVVXUZR3IQ,0316228532,3.0,1374105600
A21NVBFIEQWDSG,0316346624,4.0,1176249600
A1LACH6MLQWZ,0316346624,5.0,1374451200
AC1K4OQOZ90RS,0316346624,5.0,1110672000
A38AAPXSJN4C5G,0316346624,5.0,1241308800
A2VE83MZF98ITY,0316346624,4.0,1126224000
A3RFXU3P0XKKF4,0316346624,5.0,1203120000
A1CNQTCRQ35IMM,0316346624,3.0,1322956800
A222LQEPE7O7BV,0316346624,5.0,1106956800
A133ZC2Z8MAIED,0316346624,4.0,1232582400
A22RY8N8CNDF3A,0316346624,1.0,1133913600
A1MJMYLRTZ76ZX,0316346624,5.0,1137456000
A2GBJQ9THOYDAJ,0316346624,5.0,1231632000
A2F3M93RRLFQNJ,0316346624,4.0,1141257600
A232HUAELH5J6V,0316346624,4.0,1310515200
AUM3YMZ0YRJE0,0316346624,4.0,1125619200
A26JGAM6GZMM4V,0316346624,5.0,1054684800
AS6SH2JM2YY3H,0316346624,2.0,1162080000
A16IITISD2LAX0,0316346624,3.0,1088035200
A11I1I9QLMAM1A,0316346624,5.0,1297468800
AITIU2DG1MM4A,0316346624,5.0,1199318400
A2F6N60Z96CAJI,0316603570,5.0,1078531200
A39ABKRS1MKFTW,0316603570,4.0,1112659200
A1K1JW1C5CUSUZ,0316603570,3.0,1090627200
AFVQZQ8PW0L,0316603570,5.0,1080259200
A1CTXKA2C7BSC8,0316603570,3.0,1223251200
AIO247KHD2O40,0316603570,3.0,1081555200
ABMX8XUNPR3LP,0316603570,4.0,1269993600
A1LKSZ9CYJ6829,0316603570,3.0,1092355200
A2RPIGO3G4M6GN,0316603570,5.0,1111017600
A1IOJE0W1NXOSE,0316603570,4.0,1093737600
A30TK6U7DNS82R,0316603570,2.0,1086393600
A3VMCKYN22X0CO,0316603570,4.0,1080691200
AN0XWUHSHRUG6,0316603570,4.0,1079136000
A3OL1AX1IODBYL,0316603570,3.0,1363910400
A2I6MHMAZZDCRX,0316603570,4.0,1242604800
A2O5RT4RCC4NU2,0316603570,4.0,1378339200
A1N1YEMTI9DJ86,0316603570,3.0,1098835200
A2VKWLCNZF4ZVB,0316603570,4.0,1107561600
A3R19YKNL641X3,0316603570,4.0,1082851200
A2C27IQUH9N1Z,0316666009,4.0,1030492800
A2PWUIQG57O1AZ,0316666009,5.0,1026432000
A2HM0BZWQRV1EF,0316666009,5.0,1008547200
A39ABKRS1MKFTW,0316666009,4.0,1121644800
A1K1JW1C5CUSUZ,0316666009,4.0,993600000
A1GARI2JT6EAWA,0316666009,3.0,1117411200
A3PGGI7A6XCNF1,0316666009,5.0,984960000
A30KEXFT9SILL6,0316666009,3.0,1024012800
AFVQZQ8PW0L,0316666009,5.0,984355200
A1CTXKA2C7BSC8,0316666009,4.0,1223251200
AIO247KHD2O40,0316666009,5.0,1053043200
ABMX8XUNPR3LP,0316666009,5.0,1279324800
A2RPIGO3G4M6GN,0316666009,5.0,1034553600
A1RY8R18NEO9AA,0316666009,4.0,1275436800
A1IOJE0W1NXOSE,0316666009,4.0,1016841600
A3VMCKYN22X0CO,0316666009,4.0,985478400
AN0XWUHSHRUG6,0316666009,4.0,1076457600
A2I6MHMAZZDCRX,0316666009,3.0,1231459200
A14OJS0VWMOSWO,0316666009,5.0,984960000
A2O5RT4RCC4NU2,0316666009,4.0,1378252800
A3KCMEJTRQHNAP,0316666009,2.0,985046400
A1N1YEMTI9DJ86,0316666009,4.0,1096934400
A1RAUVCWYHTQI4,0316734942,4.0,1125792000
A2F6N60Z96CAJI,0316734942,5.0,1116806400
AYT4FJYVCHYLE,0316734942,5.0,1125878400
A11B61QBGHLQDN,0316734942,4.0,1167955200
A39ABKRS1MKFTW,0316734942,4.0,1155081600
A2B1GZIRD6W646,0316734942,5.0,1138752000
A1K1JW1C5CUSUZ,0316734942,5.0,1215129600
AC1K4OQOZ90RS,0316734942,5.0,1117324800
A30KEXFT9SILL6,0316734942,4.0,1145750400
AFVQZQ8PW0L,0316734942,5.0,1116288000
ATK1PI2HWROER,0316734942,5.0,1300752000
A1CNQTCRQ35IMM,0316734942,3.0,1316476800
A680RUE1FDO8B,0316734942,5.0,1120003200
A1LKSZ9CYJ6829,0316734942,3.0,1119312000
A9LAPV8XNKZVZ,0316734942,4.0,1117065600
A2RPIGO3G4M6GN,0316734942,5.0,1129852800
A2AYSFGUP5VTY3,0316734942,4.0,1306713600
A30TK6U7DNS82R,0316734942,3.0,1122854400
A2F6SZLKG0TOJ7,0316734942,4.0,1122768000
A3LF914GG87TWP,0316734942,4.0,1219622400
A3NLJZI5NEOT0K,0316734942,3.0,1196467200
A2SI6BNK5SWSMD,0316734942,4.0,1119916800
A2GBJQ9THOYDAJ,0316734942,4.0,1274313600
A2F3M93RRLFQNJ,0316734942,5.0,1154649600
A3U29LBT749HJ0,0316734942,4.0,1156982400
AHUT55E980RDR,0316734942,5.0,1239667200
A232HUAELH5J6V,0316734942,4.0,1341014400
A1RMHZSWZ7ZEQO,0316734942,4.0,1124150400
A3I8FT707XKQAJ,0316734942,1.0,1274054400
A1RAUVCWYHTQI4,0316734950,3.0,1210118400
AYT4FJYVCHYLE,0316734950,4.0,1161561600
A11B61QBGHLQDN,0316734950,5.0,1195603200
A39ABKRS1MKFTW,0316734950,4.0,1161043200
A2B1GZIRD6W646,0316734950,5.0,1192406400
A1K1JW1C5CUSUZ,0316734950,5.0,1220832000
A1GARI2JT6EAWA,0316734950,5.0,1187740800
AC1K4OQOZ90RS,0316734950,5.0,1160870400
A30KEXFT9SILL6,0316734950,4.0,1195776000
A3M174IC0VXOS2,0316734950,5.0,1162080000
AFVQZQ8PW0L,0316734950,5.0,1160352000
ATK1PI2HWROER,0316734950,5.0,1302307200
A1CNQTCRQ35IMM,0316734950,4.0,1316822400
A3DIGM3KB4E11V,0316734950,5.0,1162166400
A680RUE1FDO8B,0316734950,5.0,1161302400
A1LKSZ9CYJ6829,0316734950,4.0,1161734400
A9LAPV8XNKZVZ,0316734950,4.0,1162771200
A2RPIGO3G4M6GN,0316734950,5.0,1180137600
A2AYSFGUP5VTY3,0316734950,3.0,1307491200
A30TK6U7DNS82R,0316734950,5.0,1174694400
A3VMCKYN22X0CO,0316734950,4.0,1162944000
A3LF914GG87TWP,0316734950,4.0,1219622400
A3NLJZI5NEOT0K,0316734950,5.0,1209772800
A2SI6BNK5SWSMD,0316734950,4.0,1163894400
A2GBJQ9THOYDAJ,0316734950,4.0,1273104000
A2F3M93RRLFQNJ,0316734950,5.0,1239494400
AHUT55E980RDR,0316734950,5.0,1235520000
A232HUAELH5J6V,0316734950,4.0,1317686400
A2UIXU97JYCPZG,0316734950,3.0,1244851200
A1YZ3IJXI2J119,0316734950,5.0,1164499200
A1F3DFRPGVEUI8,0316734950,4.0,1239667200
A2ZHH7AK83JB5G,0316734950,4.0,1167350400
A2ICKSJ6T7WIBO,0330419129,4.0,1091750400
AYT4FJYVCHYLE,0330419129,4.0,1064707200
A11B61QBGHLQDN,0330419129,4.0,1156118400
A2B1GZIRD6W646,0330419129,2.0,1113091200
A2NHD7LUXVGTD3,0330419129,4.0,1339200000
A2B9Y0WXNSN17U,0330419129,5.0,1065225600
A1CHM200OEN65X,0330419129,3.0,1261872000
A3A6GXILVT9JNW,0330419129,4.0,1317081600
A2O9HU1K7TCF7B,0330419129,4.0,1260057600
A9LAPV8XNKZVZ,0330419129,4.0,1092787200
A2E3GFHUDNPYDH,0330419129,4.0,1211932800
A133ZC2Z8MAIED,0330419129,4.0,1164585600
A13G1TKIKHGV3F,0330419129,2.0,1331769600
A2F3M93RRLFQNJ,0330419129,5.0,1206403200
A2O5RT4RCC4NU2,0330419129,4.0,1277856000
A2ODBHT4URXVXQ,0330419129,4.0,1071187200
A1XXJ6I7K2I7SI,0330419129,5.0,1062374400
AS6SH2JM2YY3H,0330419129,5.0,1289088000
A2Z4KA3EFQWZOX,0330419129,1.0,1064188800
A1N1YEMTI9DJ86,0330419129,5.0,1247184000
AJDYDG7YZY9QL,0330419129,5.0,1138752000
A303U1MOXG5R1F,0330419129,5.0,1212364800
A3R19YKNL641X3,0330419129,5.0,1090972800
A2S166WSCFIFP5,0340837950,5.0,1028160000
A1I2O9Y3X3HXLS,0340837950,5.0,1253923200
A55MRYPUAX4QU,0340837950,5.0,1135728000
A20EEWWSFMZ1PN,0340837950,5.0,1260403200
A1X8VZWTOG8IS6,0340837950,3.0,1188086400
A3KF4IP2MUS8QQ,0340837950,5.0,1038960000
A30KEXFT9SILL6,0340837950,3.0,943574400
A2PR6NXG0PA3KY,0340837950,5.0,1278633600
ATK1PI2HWROER,0340837950,5.0,1403913600
A3OJFPKMCXKOM0,0340837950,4.0,1166313600
A29NUB3P6YIWZG,0340837950,2.0,1339718400
A1MJMYLRTZ76ZX,0340837950,5.0,966816000
A370Z6I5GBWU44,0340837950,5.0,1228176000
A3T0OTH5072YRE,0340837950,3.0,1379635200
A2F3M93RRLFQNJ,0340837950,5.0,1189814400
ANEDXRFDZDL18,0340837950,2.0,1080777600
A3R19YKNL641X3,0340837950,4.0,1112486400
A1RAUVCWYHTQI4,0340839937,3.0,977702400
A1I2O9Y3X3HXLS,0340839937,5.0,1205884800
A55MRYPUAX4QU,0340839937,5.0,1046044800
A1X8VZWTOG8IS6,0340839937,4.0,1188086400
A1OB5L3WMHJAD9,0340839937,5.0,983145600
AQZH7YTWQPOBE,0340839937,4.0,1279756800
ABMX8XUNPR3LP,0340839937,3.0,1274572800
A1IU7S4HCK1XK0,0340839937,5.0,988156800
A2NJO6YE954DBH,0340839937,4.0,1005609600
A1MJMYLRTZ76ZX,0340839937,5.0,970185600
A370Z6I5GBWU44,0340839937,5.0,1252540800
A2F3M93RRLFQNJ,0340839937,5.0,1045180800
A37XGUQ1VH0XM6,0340839937,5.0,1059609600
A3QVAKVRAH657N,0340839937,5.0,975110400
A4FX5YCJA630V,0340839937,5.0,1162252800
AUM3YMZ0YRJE0,0340839937,5.0,1145232000
A126KX6FVI4T66,0340839937,3.0,997228800
A21NVBFIEQWDSG,0340953950,5.0,1222646400
A1MR1VMK999I6O,0340953950,5.0,1227571200
A1X4L7AO1BXMHK,0340953950,5.0,1243036800
A2RQ0AT4XZUIXL,0340953950,5.0,1231286400
A3M174IC0VXOS2,0340953950,5.0,1221609600
A3Q04XXGGED746,0340953950,5.0,1266278400
A2DSXA1E02C86D,0340953950,5.0,1235779200
A1IOJE0W1NXOSE,0340953950,5.0,1228780800
A22RY8N8CNDF3A,0340953950,5.0,1223942400
A370Z6I5GBWU44,0340953950,3.0,1259625600
A14OJS0VWMOSWO,0340953950,5.0,1232064000
A3T0OTH5072YRE,0340953950,4.0,1312156800
A3Z9QN0RCOHEY,0340953950,5.0,1224374400
A2O5RT4RCC4NU2,0340953950,5.0,1281657600
A1XXJ6I7K2I7SI,0340953950,5.0,1224460800
A20HMA36ESANHC,0340953950,5.0,1221782400
A1S3IN6CSTBPY6,0340953950,5.0,1236643200
A1POFVVXUZR3IQ,0340953950,5.0,1223078400
AXSH6O4OP5L4M,0345339703,5.0,1032048000
A20EEWWSFMZ1PN,0345339703,5.0,970012800
A1X8VZWTOG8IS6,0345339703,5.0,1188777600
A20IIR0422G3A5,0345339703,5.0,1115683200
AYT4FJYVCHYLE,0345339703,5.0,996278400
A1OB5L3WMHJAD9,0345339703,4.0,1078099200
A1T17LMQABMBN5,0345339703,5.0,1092873600
A11B61QBGHLQDN,0345339703,5.0,1077062400
A28WJUJF6D2ULA,0345339703,5.0,1157760000
A1D2C0WDCSHUWZ,0345339703,5.0,1240531200
A4R8GJX3UZ1I,0345339703,5.0,1021852800
A30KEXFT9SILL6,0345339703,5.0,989020800
A1G9FX1KV45N41,0345339703,5.0,1017187200
AKT8TGIT6VVZ5,0345339703,5.0,1010188800
A2RPIGO3G4M6GN,0345339703,2.0,1041465600
AOKGRSAS5VNS3,0345339703,5.0,1271376000
A1M4NJYP0WNL8Q,0345339703,5.0,1006473600
A3T0OTH5072YRE,0345339703,4.0,1297900800
A2F3M93RRLFQNJ,0345339703,5.0,1018224000
A4FX5YCJA630V,0345339703,5.0,1093046400
AQQLWCMRNDFGI,0345339703,5.0,1266019200
A96K1ZGW56S2I,0345339703,5.0,1009670400
A1RAUVCWYHTQI4,0345413350,4.0,1101686400
A20EEWWSFMZ1PN,0345413350,5.0,1198886400
AYT4FJYVCHYLE,0345413350,5.0,972777600
A2NHD7LUXVGTD3,0345413350,5.0,1198281600
AMX0PJKV4PPNJ,0345413350,5.0,1074816000
A30KEXFT9SILL6,0345413350,5.0,1130803200
A3A6GXILVT9JNW,0345413350,3.0,1380499200
A9LAPV8XNKZVZ,0345413350,4.0,974505600
A1AKQ1YUS4BT82,0345413350,4.0,1224288000
A29NUB3P6YIWZG,0345413350,4.0,1022112000
A2GBJQ9THOYDAJ,0345413350,5.0,1045785600
A3T0OTH5072YRE,0345413350,4.0,1297209600
A2F3M93RRLFQNJ,0345413350,5.0,1055462400
A2UIXU97JYCPZG,0345413350,5.0,1079481600
A4FX5YCJA630V,0345413350,5.0,1098576000
A2EDZH51XHFA9B,0345413350,5.0,994636800
A16QODENBJVUI1,0345413350,5.0,1262304000
A126KX6FVI4T66,0345413350,3.0,1219449600
A1D5RCOILPC9LX,0345413350,4.0,1232496000
A2OCDK0BOW6UCY,0345476972,4.0,1132358400
A21NVBFIEQWDSG,0345476972,4.0,1125792000
A2PWUIQG57O1AZ,0345476972,4.0,1152316800
A2F6N60Z96CAJI,0345476972,5.0,1125532800
A2QZVW56O4WSBT,0345476972,5.0,1309564800
A2BZCHIDR5FTYA,0345476972,5.0,1123545600
A1K1JW1C5CUSUZ,0345476972,4.0,1126051200
AC1K4OQOZ90RS,0345476972,5.0,1125100800
AFVQZQ8PW0L,0345476972,5.0,1124841600
A1DYMH30TSRONY,0345476972,3.0,1220227200
A2DSXA1E02C86D,0345476972,3.0,1144540800
AN0XWUHSHRUG6,0345476972,5.0,1127606400
A2SI6BNK5SWSMD,0345476972,4.0,1137196800
A2VG0RY3EUWZKB,0345476972,5.0,1126915200
A3U29LBT749HJ0,0345476972,5.0,1145404800
A2O5RT4RCC4NU2,0345476972,5.0,1379980800
ANEDXRFDZDL18,0345476972,3.0,1131235200
A3R19YKNL641X3,0345476972,5.0,1131408000
A2OCDK0BOW6UCY,0345476999,3.0,1316649600
A21NVBFIEQWDSG,0345476999,4.0,1159920000
A2CR57GAJKNWVV,0345476999,5.0,1164585600
A2QZVW56O4WSBT,0345476999,4.0,1310428800
A1MC6BFHWY6WC3,0345476999,5.0,1396742400
A3MGX52HV1IE0P,0345476999,5.0,1158192000
A1K1JW1C5CUSUZ,0345476999,5.0,1160956800
AC1K4OQOZ90RS,0345476999,4.0,1159401600
AKB2PYODH0TKS,0345476999,4.0,1200614400
AFVQZQ8PW0L,0345476999,5.0,1158364800
A3UV7L5ND3EH8T,0345476999,5.0,1160697600
A3DIGM3KB4E11V,0345476999,1.0,1161302400
A3VMCKYN22X0CO,0345476999,4.0,1161216000
A2SI6BNK5SWSMD,0345476999,3.0,1165363200
A2VG0RY3EUWZKB,0345476999,4.0,1158796800
A1U360OMVQRPUB,0345476999,4.0,1162512000
A3U29LBT749HJ0,0345476999,4.0,1172448000
A2O5RT4RCC4NU2,0345476999,4.0,1380067200
A17U562HOY2OQV,0345476999,4.0,1209340800
A1RMHZSWZ7ZEQO,0345476999,4.0,1224633600
A3R19YKNL641X3,0345476999,5.0,1166054400
A14R9XMZVJ6INB,0345504968,4.0,1357689600
A2F6N60Z96CAJI,0345504968,5.0,1276473600
AYT4FJYVCHYLE,0345504968,5.0,1273449600
A2H44WVZS59KKT,0345504968,5.0,1351123200
A1HA6KZZNDCME9,0345504968,5.0,1329609600
A1D2C0WDCSHUWZ,0345504968,5.0,1318723200
A3PGGI7A6XCNF1,0345504968,3.0,1278288000
AFVQZQ8PW0L,0345504968,5.0,1276300800
ATK1PI2HWROER,0345504968,5.0,1348617600
A1DYMH30TSRONY,0345504968,4.0,1286496000
ABMX8XUNPR3LP,0345504968,5.0,1279497600
A3DIGM3KB4E11V,0345504968,5.0,1341705600
A9LAPV8XNKZVZ,0345504968,4.0,1273536000
A2TSTJP0B3A3H5,0345504968,3.0,1276646400
A1AKQ1YUS4BT82,0345504968,1.0,1275955200
A1ER5AYS3FQ9O3,0345504968,5.0,1279238400
A11L3YX5WIDKJ,0345504968,1.0,1373155200
A3VMCKYN22X0CO,0345504968,3.0,1277856000
A3KI93AT8FAXI1,0345504968,5.0,1374451200
AOKGRSAS5VNS3,0345504968,3.0,1344124800
A3U29LBT749HJ0,0345504968,5.0,1362787200
ACEOOCYZRPWF3,0345504968,5.0,1277424000
AS6SH2JM2YY3H,0345504968,3.0,1324512000
AKPKPMWM6IIU5,0345504968,3.0,1284076800
A1D5RCOILPC9LX,0345504968,5.0,1345507200
A2F6N60Z96CAJI,0345505336,5.0,1235520000
A1BI8PUEHA5CHW,0345505336,3.0,1255219200
A27R2V3WLS43LP,0345505336,5.0,1242604800
A39ABKRS1MKFTW,0345505336,4.0,1369353600
A2RQ0AT4XZUIXL,0345505336,4.0,1246492800
A4R8GJX3UZ1I,0345505336,3.0,1275696000
A2YXRT2XIJIO57,0345505336,2.0,1236729600
A2E3GFHUDNPYDH,0345505336,4.0,1307404800
A1IOJE0W1NXOSE,0345505336,4.0,1257379200
A20XM6F911RIDE,0345505336,5.0,1291248000
AOKGRSAS5VNS3,0345505336,5.0,1268784000
A25KKXUQQ0OLWB,0345505336,4.0,1241481600
A3IJHV3XZZEED5,0345505336,4.0,1343433600
A3Z9QN0RCOHEY,0345505336,4.0,1235606400
A186ZAYP2L4CDZ,0345505336,5.0,1256342400
A2O5RT4RCC4NU2,0345505336,5.0,1337990400
A2SY92ZXU2FOEU,0345505336,5.0,1230336000
A36TDC5SGAN0EP,0345505336,5.0,1282867200
A1S3IN6CSTBPY6,0345505336,5.0,1285200000
A1K9IG5MP8RW75,0345505336,5.0,1379116800
A1POFVVXUZR3IQ,0345505336,5.0,1236124800
A2OCDK0BOW6UCY,034551548X,4.0,1316476800
A2F6N60Z96CAJI,034551548X,5.0,1278374400
A27R2V3WLS43LP,034551548X,4.0,1277769600
A1MC6BFHWY6WC3,034551548X,5.0,1396915200
A1K1JW1C5CUSUZ,034551548X,4.0,1280188800
AC1K4OQOZ90RS,034551548X,5.0,1277769600
AFVQZQ8PW0L,034551548X,4.0,1277942400
A2TSTJP0B3A3H5,034551548X,2.0,1280966400
A3NLJZI5NEOT0K,034551548X,5.0,1286236800
A2SI6BNK5SWSMD,034551548X,4.0,1278460800
A2VG0RY3EUWZKB,034551548X,5.0,1279497600
A1U360OMVQRPUB,034551548X,5.0,1280620800
A14OJS0VWMOSWO,034551548X,5.0,1284249600
AHUT55E980RDR,034551548X,5.0,1284422400
ACEOOCYZRPWF3,034551548X,5.0,1281484800
A2O5RT4RCC4NU2,034551548X,5.0,1380240000
A2G09684ZOK8X2,034551548X,5.0,1332288000
AAR8E3JF9K93P,034551548X,4.0,1281225600
A2F6N60Z96CAJI,0345527682,5.0,1310515200
A27R2V3WLS43LP,0345527682,4.0,1311206400
A2H44WVZS59KKT,0345527682,5.0,1310256000
A2QZVW56O4WSBT,0345527682,4.0,1360368000
A3TGY3ANGBNK7C,0345527682,3.0,1319155200
A1MC6BFHWY6WC3,0345527682,3.0,1398902400
A1K1JW1C5CUSUZ,0345527682,2.0,1309824000
A3PGGI7A6XCNF1,0345527682,4.0,1311206400
A3BH49ZKESHDID,0345527682,3.0,1309737600
A1RY8R18NEO9AA,0345527682,3.0,1309305600
A11L3YX5WIDKJ,0345527682,2.0,1373500800
A29NUB3P6YIWZG,0345527682,3.0,1343260800
A2TBZAC0XYHLIB,0345527682,4.0,1311984000
A3PATLW8T3PQV7,0345527682,4.0,1366329600
A1RMHZSWZ7ZEQO,0345527682,1.0,1337299200
A26J2TRDPZH7RZ,0345527682,5.0,1343433600
A1N1YEMTI9DJ86,0345527682,1.0,1316217600
A3R19YKNL641X3,0345527682,3.0,1310256000
A2OCDK0BOW6UCY,0345528506,4.0,1341446400
A2F6N60Z96CAJI,0345528506,5.0,1342396800
A2QZVW56O4WSBT,0345528506,5.0,1342742400
A3MGX52HV1IE0P,0345528506,5.0,1341705600
A1I6U5AQAT3ZG9,0345528506,5.0,1345161600
AC1K4OQOZ90RS,0345528506,4.0,1341014400
A3M174IC0VXOS2,0345528506,5.0,1345852800
A2SQJPUCZNHMZE,0345528506,5.0,1341273600
AFVQZQ8PW0L,0345528506,5.0,1341273600
A3DIGM3KB4E11V,0345528506,5.0,1341014400
A1LKSZ9CYJ6829,0345528506,3.0,1357344000
A2TSTJP0B3A3H5,0345528506,5.0,1342396800
A1RY8R18NEO9AA,0345528506,4.0,1398470400
AN8C7BGR98HLN,0345528506,5.0,1342051200
ACEOOCYZRPWF3,0345528506,5.0,1349049600
AKPKPMWM6IIU5,0345528506,3.0,1346025600
A1XRQ6YJ7HXQFQ,0345528506,5.0,1357344000
A3MV1KKHX51FYT,0345532015,4.0,1199923200
A2HM0BZWQRV1EF,0345532015,5.0,1167696000
A2F6N60Z96CAJI,0345532015,5.0,1161907200
A39ABKRS1MKFTW,0345532015,3.0,1167004800
A1MC6BFHWY6WC3,0345532015,4.0,1200960000
A1K1JW1C5CUSUZ,0345532015,4.0,1169164800
A2RQ0AT4XZUIXL,0345532015,5.0,1168214400
A1CHM200OEN65X,0345532015,4.0,1169424000
A1DYMH30TSRONY,0345532015,4.0,1178928000
A680RUE1FDO8B,0345532015,5.0,1169769600
A1LKSZ9CYJ6829,0345532015,4.0,1199577600
A9LAPV8XNKZVZ,0345532015,4.0,1199145600
A3OJFPKMCXKOM0,0345532015,5.0,1230508800
A1IOJE0W1NXOSE,0345532015,4.0,1161475200
A3NLJZI5NEOT0K,0345532015,4.0,1225324800
A22RY8N8CNDF3A,0345532015,5.0,1160697600
AHUT55E980RDR,0345532015,5.0,1221868800
A1OX82JPAQLL60,0345532015,5.0,1168473600
A1F3DFRPGVEUI8,0345532015,4.0,1214438400
AQQLWCMRNDFGI,0345532015,5.0,1162512000
A2ZHH7AK83JB5G,0345532015,5.0,1167177600
A2HM0BZWQRV1EF,0345532023,4.0,1214438400
A2F6N60Z96CAJI,0345532023,4.0,1202947200
A1K1JW1C5CUSUZ,0345532023,3.0,1203984000
A2B9Y0WXNSN17U,0345532023,2.0,1213315200
AC1K4OQOZ90RS,0345532023,3.0,1202601600
A1CHM200OEN65X,0345532023,2.0,1203120000
A3BH49ZKESHDID,0345532023,5.0,1201910400
AFVQZQ8PW0L,0345532023,4.0,1227312000
A680RUE1FDO8B,0345532023,5.0,1208476800
A2RPIGO3G4M6GN,0345532023,2.0,1255478400
A1RY8R18NEO9AA,0345532023,3.0,1301097600
A3OJFPKMCXKOM0,0345532023,4.0,1218931200
A1IOJE0W1NXOSE,0345532023,4.0,1205539200
A3VMCKYN22X0CO,0345532023,4.0,1202256000
A13QTZ8CIMHHG4,0345532023,5.0,1344902400
A2F3M93RRLFQNJ,0345532023,4.0,1232841600
A1OX82JPAQLL60,0345532023,3.0,1205798400
ANEDXRFDZDL18,0345532023,3.0,1202428800
A2Z4KA3EFQWZOX,0345532023,5.0,1202169600
A2F6N60Z96CAJI,034553302X,5.0,1165449600
A2H44WVZS59KKT,034553302X,5.0,1345680000
A24H4WUFUDPTAA,034553302X,4.0,1168992000
A11B61QBGHLQDN,034553302X,4.0,1194912000
A1CHM200OEN65X,034553302X,5.0,1168905600
AFVQZQ8PW0L,034553302X,5.0,1165104000
A2HVL790PBWYTU,034553302X,4.0,1166227200
A3DIGM3KB4E11V,034553302X,5.0,1165536000
A680RUE1FDO8B,034553302X,5.0,1166140800
A1ER5AYS3FQ9O3,034553302X,5.0,1166572800
A3VMCKYN22X0CO,034553302X,4.0,1166745600
A2VG0RY3EUWZKB,034553302X,2.0,1170633600
A14OJS0VWMOSWO,034553302X,5.0,1170374400
A2F3M93RRLFQNJ,034553302X,4.0,1200096000
A186ZAYP2L4CDZ,034553302X,4.0,1290729600
A3R19YKNL641X3,034553302X,5.0,1169942400
AUTBHG6070SL4,034553302X,3.0,1197244800
A2C27IQUH9N1Z,0345533054,5.0,1220400000
A55MRYPUAX4QU,0345533054,4.0,1059436800
A2PWUIQG57O1AZ,0345533054,4.0,1055808000
A1BI8PUEHA5CHW,0345533054,5.0,1134518400
A11B61QBGHLQDN,0345533054,3.0,1181952000
AC1K4OQOZ90RS,0345533054,3.0,1033257600
A1CHM200OEN65X,0345533054,5.0,1036368000
AFVQZQ8PW0L,0345533054,5.0,1020470400
AIO247KHD2O40,0345533054,5.0,1073520000
A680RUE1FDO8B,0345533054,4.0,1088812800
A1LKSZ9CYJ6829,0345533054,4.0,1056844800
AU7ND6NOCX9IA,0345533054,5.0,1152576000
A9LAPV8XNKZVZ,0345533054,2.0,1062028800
A3VMCKYN22X0CO,0345533054,5.0,1026950400
A29NUB3P6YIWZG,0345533054,5.0,1143244800
A3NLJZI5NEOT0K,0345533054,4.0,1312070400
A1RMHZSWZ7ZEQO,0345533054,5.0,1024272000
A3KCMEJTRQHNAP,0345533054,5.0,1022544000
A2OCDK0BOW6UCY,0345535405,4.0,1346025600
A2F6N60Z96CAJI,0345535405,4.0,1344988800
A27R2V3WLS43LP,0345535405,4.0,1345852800
A2H44WVZS59KKT,0345535405,2.0,1352419200
A3R9X003XW0LNR,0345535405,5.0,1346284800
A3BFDEBT5IV4UN,0345535405,2.0,1368403200
A1I6U5AQAT3ZG9,0345535405,3.0,1345334400
AFVQZQ8PW0L,0345535405,5.0,1344297600
A2TSTJP0B3A3H5,0345535405,2.0,1347062400
A6XR7Y415RPD0,0345535405,4.0,1341619200
A320TMDV6KCFU,0345535405,5.0,1357171200
A3B48AN8JID1JK,0345535405,5.0,1350000000
AN8C7BGR98HLN,0345535405,5.0,1344988800
AHUT55E980RDR,0345535405,5.0,1347580800
A126YLPKFPNQDS,0345535405,5.0,1346025600
A3PATLW8T3PQV7,0345535405,5.0,1369353600
A2E9HDZXQORZLA,0345535405,4.0,1345593600
A1POFVVXUZR3IQ,0345535405,1.0,1346371200
ADEVBXUS0RSIR,0345538196,5.0,1244592000
AYT4FJYVCHYLE,0345538196,5.0,1145404800
A39ABKRS1MKFTW,0345538196,4.0,1317686400
A1K1JW1C5CUSUZ,0345538196,5.0,1121472000
AC1K4OQOZ90RS,0345538196,4.0,1119052800
A3BH49ZKESHDID,0345538196,5.0,1121385600
A3M174IC0VXOS2,0345538196,5.0,1359244800
AFVQZQ8PW0L,0345538196,5.0,1118707200
ATK1PI2HWROER,0345538196,5.0,1286409600
AIO247KHD2O40,0345538196,3.0,1359331200
A1CNQTCRQ35IMM,0345538196,4.0,1325376000
A680RUE1FDO8B,0345538196,5.0,1120262400
A9LAPV8XNKZVZ,0345538196,4.0,1122768000
A2DSXA1E02C86D,0345538196,5.0,1146960000
A4SKIA2A7IDRX,0345538196,5.0,1347580800
A3VMCKYN22X0CO,0345538196,5.0,1122249600
A14BTJRH9VNLJJ,0345538196,5.0,1350864000
A2F3M93RRLFQNJ,0345538196,5.0,1207785600
A3OJAWIMUKNHTP,0345538196,5.0,1120176000
A1RMHZSWZ7ZEQO,0345538196,4.0,1127088000
AS6SH2JM2YY3H,0345538196,4.0,1369612800
A1N1YEMTI9DJ86,0345538196,5.0,1120953600
A3R19YKNL641X3,0345538196,5.0,1139011200
A2X29H96X7C3XJ,0345803450,4.0,1348963200
A39650P2CZUUC9,0345803450,5.0,1350518400
A2F6N60Z96CAJI,0345803450,5.0,1353283200
AYT4FJYVCHYLE,0345803450,4.0,1349136000
A2QZVW56O4WSBT,0345803450,5.0,1368144000
A3CN9CCJUNIPKT,0345803450,5.0,1357776000
A1K1JW1C5CUSUZ,0345803450,3.0,1356566400
A1LKSZ9CYJ6829,0345803450,3.0,1361145600
AKT8TGIT6VVZ5,0345803450,5.0,1350259200
A2AYSFGUP5VTY3,0345803450,3.0,1353283200
A3OL1AX1IODBYL,0345803450,4.0,1350432000
A1RMHZSWZ7ZEQO,0345803450,2.0,1349654400
A21VR7M8O55EF6,0345803450,4.0,1390348800
A8IPQ1Q1O7YX5,0345803450,5.0,1348617600
A1F3DFRPGVEUI8,0345803450,4.0,1354579200
A1N1YEMTI9DJ86,0345803450,4.0,1351728000
AKPKPMWM6IIU5,0345803450,5.0,1357776000
A1DLVUJFANNU1Q,0345803450,4.0,1354060800
AITIU2DG1MM4A,0345803450,5.0,1369180800
A2ICKSJ6T7WIBO,0356500276,5.0,1356480000
A1I2O9Y3X3HXLS,0356500276,5.0,1185840000
A1X8VZWTOG8IS6,0356500276,4.0,1186099200
AISUSPFYY68RO,0356500276,4.0,1296950400
A25HWUX0L2DCFM,0356500276,4.0,1318118400
A1T17LMQABMBN5,0356500276,4.0,1104624000
A18JHVX925K101,0356500276,5.0,1358121600
A2NHD7LUXVGTD3,0356500276,3.0,1357344000
A1D2C0WDCSHUWZ,0356500276,4.0,1307232000
A1DA6E4FNRSAWN,0356500276,3.0,1127433600
AKB2PYODH0TKS,0356500276,4.0,1167609600
AFVQZQ8PW0L,0356500276,5.0,958176000
A1CTXKA2C7BSC8,0356500276,4.0,1171065600
ATK1PI2HWROER,0356500276,3.0,1260748800
A1RECBDKHVOJMW,0356500276,4.0,1106611200
A1CNQTCRQ35IMM,0356500276,3.0,1391212800
A3A6GXILVT9JNW,0356500276,5.0,1232841600
ABMX8XUNPR3LP,0356500276,4.0,1256860800
A4SKIA2A7IDRX,0356500276,5.0,1400112000
A3ICDLUQ3V2QY2,0356500276,5.0,1248912000
A1M4NJYP0WNL8Q,0356500276,4.0,1005350400
A14OJS0VWMOSWO,0356500276,5.0,1215734400
A3T0OTH5072YRE,0356500276,4.0,1282780800
A3U29LBT749HJ0,0356500276,5.0,1149465600
A17U562HOY2OQV,0356500276,3.0,1214697600
A3PATLW8T3PQV7,0356500276,5.0,1315180800
AQ6AGWKWMTY8H,0356500276,3.0,1387497600
A2EDZH51XHFA9B,0356500276,3.0,1199318400
A24ZMNWTW8AQUR,0356500276,5.0,1168905600
AQQLWCMRNDFGI,0356500276,5.0,1214524800
A2JP0URFHXP6DO,0356500276,5.0,1107993600
A19UT0OPQCDR8,0373210086,4.0,1317340800
AISUSPFYY68RO,0373210086,4.0,1284854400
A27R2V3WLS43LP,0373210086,5.0,1270339200
A2XNOB1T796Y6B,0373210086,4.0,1294790400
A3U7ELIED4WP4R,0373210086,5.0,1266105600
A1HA6KZZNDCME9,0373210086,4.0,1267228800
A2BZCHIDR5FTYA,0373210086,4.0,1273276800
A1D2C0WDCSHUWZ,0373210086,4.0,1296000000
AFVQZQ8PW0L,0373210086,5.0,1266883200
ABMX8XUNPR3LP,0373210086,4.0,1323302400
A22B13EJTZKCTM,0373210086,5.0,1270944000
A11L3YX5WIDKJ,0373210086,5.0,1373760000
A6XR7Y415RPD0,0373210086,5.0,1265500800
A13QTZ8CIMHHG4,0373210086,4.0,1331596800
AX9C10JD538D9,0373210086,3.0,1301097600
AOKGRSAS5VNS3,0373210086,4.0,1277856000
A2X6WMYTYRE130,0373210086,5.0,1298419200
A126YLPKFPNQDS,0373210086,5.0,1268784000
A17U562HOY2OQV,0373210086,4.0,1269475200
A24ZMNWTW8AQUR,0373210086,5.0,1282176000
A11I1I9QLMAM1A,0373210086,5.0,1267574400
AFVZXHIUSXINA,0373210086,5.0,1276128000
A2TX179XAT5GRP,0373210086,5.0,1264723200
A19UT0OPQCDR8,0373210132,5.0,1317859200
AISUSPFYY68RO,0373210132,3.0,1311465600
A2XNOB1T796Y6B,0373210132,4.0,1295827200
A3U7ELIED4WP4R,0373210132,5.0,1281916800
A1HA6KZZNDCME9,0373210132,3.0,1298332800
A2BZCHIDR5FTYA,0373210132,5.0,1287273600
A3BFDEBT5IV4UN,0373210132,3.0,1284076800
A1D2C0WDCSHUWZ,0373210132,4.0,1280361600
AFVQZQ8PW0L,0373210132,4.0,1328313600
ABMX8XUNPR3LP,0373210132,3.0,1385769600
A22B13EJTZKCTM,0373210132,5.0,1279584000
A11L3YX5WIDKJ,0373210132,5.0,1373760000
AX9C10JD538D9,0373210132,2.0,1301097600
AOKGRSAS5VNS3,0373210132,4.0,1312329600
A2X6WMYTYRE130,0373210132,5.0,1298419200
A126YLPKFPNQDS,0373210132,4.0,1281312000
A2SY92ZXU2FOEU,0373210132,4.0,1286236800
A3BSM1MMD6QHIP,0373210132,5.0,1315699200
A24ZMNWTW8AQUR,0373210132,5.0,1284422400
A2TX179XAT5GRP,0373210132,5.0,1285718400
A19UT0OPQCDR8,0373210493,5.0,1369872000
AISUSPFYY68RO,0373210493,4.0,1345939200
A3U7ELIED4WP4R,0373210493,5.0,1347062400
AFVQZQ8PW0L,0373210493,5.0,1343692800
A1CNQTCRQ35IMM,0373210493,2.0,1388880000
A11L3YX5WIDKJ,0373210493,5.0,1373846400
A6XR7Y415RPD0,0373210493,5.0,1343692800
A2TBZAC0XYHLIB,0373210493,5.0,1345248000
A2X6WMYTYRE130,0373210493,5.0,1346112000
AHUT55E980RDR,0373210493,5.0,1362182400
A3PATLW8T3PQV7,0373210493,5.0,1353801600
A2EDZH51XHFA9B,0373210493,4.0,1358553600
A26J2TRDPZH7RZ,0373210493,5.0,1392508800
A2SY92ZXU2FOEU,0373210493,4.0,1365552000
A3MT311233OHMQ,0373210493,5.0,1368230400
A11I1I9QLMAM1A,0373210493,4.0,1362096000
AAR8E3JF9K93P,0373210493,4.0,1343779200
A1JKGTL51HHTU1,0373210493,4.0,1367193600
A27R2V3WLS43LP,0373210574,4.0,1355356800
A25HWUX0L2DCFM,0373210574,4.0,1361318400
A3TGY3ANGBNK7C,0373210574,5.0,1360540800
A3U7ELIED4WP4R,0373210574,5.0,1351468800
A18JHVX925K101,0373210574,5.0,1360281600
A1D2C0WDCSHUWZ,0373210574,5.0,1354752000
AFVQZQ8PW0L,0373210574,5.0,1350950400
A4SKIA2A7IDRX,0373210574,3.0,1357689600
A22B13EJTZKCTM,0373210574,5.0,1350950400
A11L3YX5WIDKJ,0373210574,4.0,1373760000
A20XM6F911RIDE,0373210574,4.0,1350950400
A6XR7Y415RPD0,0373210574,4.0,1351382400
AHUT55E980RDR,0373210574,5.0,1362182400
A126YLPKFPNQDS,0373210574,4.0,1360454400
A26J2TRDPZH7RZ,0373210574,5.0,1371254400
A2SY92ZXU2FOEU,0373210574,3.0,1362787200
A11I1I9QLMAM1A,0373210574,5.0,1365292800
A1POFVVXUZR3IQ,0373210574,4.0,1359331200
A19UT0OPQCDR8,0373210639,5.0,1369699200
A1JLU5H1CCENWX,0373210639,5.0,1372896000
AISUSPFYY68RO,0373210639,4.0,1376870400
A17BTP1QHK2I3I,0373210639,4.0,1372377600
A3U7ELIED4WP4R,0373210639,4.0,1370390400
AFVQZQ8PW0L,0373210639,4.0,1370131200
A4SKIA2A7IDRX,0373210639,5.0,1369699200
A11L3YX5WIDKJ,0373210639,4.0,1373846400
A6XR7Y415RPD0,0373210639,5.0,1370476800
A3U41P3MHAEXYU,0373210639,5.0,1369872000
A2TBZAC0XYHLIB,0373210639,5.0,1369526400
A2X6WMYTYRE130,0373210639,5.0,1400716800
AHUT55E980RDR,0373210639,5.0,1377302400
A3PATLW8T3PQV7,0373210639,4.0,1385424000
A3KBRXW4PKK2MT,0373210639,5.0,1370304000
A2EDZH51XHFA9B,0373210639,4.0,1395964800
A2SY92ZXU2FOEU,0373210639,4.0,1377648000
A3MT311233OHMQ,0373210639,5.0,1369699200
AISUSPFYY68RO,0373210698,5.0,1373068800
A2XNOB1T796Y6B,0373210698,3.0,1370649600
A3U7ELIED4WP4R,0373210698,5.0,1367366400
A18JHVX925K101,0373210698,5.0,1369612800
A1D2C0WDCSHUWZ,0373210698,4.0,1366848000
AFVQZQ8PW0L,0373210698,5.0,1368662400
ABUY5XK1R4YYZ,0373210698,5.0,1367884800
A4SKIA2A7IDRX,0373210698,5.0,1367280000
A22B13EJTZKCTM,0373210698,4.0,1367280000
A11L3YX5WIDKJ,0373210698,4.0,1373760000
A6XR7Y415RPD0,0373210698,5.0,1367625600
A3LF914GG87TWP,0373210698,3.0,1367280000
AX9C10JD538D9,0373210698,4.0,1373414400
AHUT55E980RDR,0373210698,5.0,1373760000
A126YLPKFPNQDS,0373210698,5.0,1375142400
A2SY92ZXU2FOEU,0373210698,4.0,1374710400
A3BSM1MMD6QHIP,0373210698,5.0,1373328000
A1JKGTL51HHTU1,0373210698,4.0,1368576000
A18FUHNBP90IB4,0373777612,5.0,1376870400
A3IQ0P3M39IY8U,0373777612,5.0,1367712000
A3R9X003XW0LNR,0373777612,3.0,1376265600
A3LXRIY0HE71K,0373777612,5.0,1367798400
A3326UC548HDXO,0373777612,4.0,1371254400
AFVQZQ8PW0L,0373777612,4.0,1367539200
A3L1Z0R3ZB2OFU,0373777612,4.0,1370995200
A4SKIA2A7IDRX,0373777612,4.0,1367280000
A6XR7Y415RPD0,0373777612,4.0,1367712000
A320TMDV6KCFU,0373777612,5.0,1367712000
AHUT55E980RDR,0373777612,2.0,1373500800
A1E5ZR1Z4OQJG,0373777612,4.0,1390694400
A2UBDYN21RI97X,0373777612,4.0,1392681600
A26J2TRDPZH7RZ,0373777612,5.0,1394323200
A2SY92ZXU2FOEU,0373777612,2.0,1390176000
A2G09684ZOK8X2,0373777612,4.0,1367798400
A2E9HDZXQORZLA,0373777612,3.0,1378425600
ANOBZWKE25SBY,0373777612,3.0,1369872000
A19UT0OPQCDR8,0373777787,4.0,1376438400
A5JZNVV4TEAWU,0373777787,5.0,1376352000
A18FUHNBP90IB4,0373777787,5.0,1381536000
A2H44WVZS59KKT,0373777787,5.0,1382659200
A3U7ELIED4WP4R,0373777787,5.0,1376179200
A3R9X003XW0LNR,0373777787,4.0,1382832000
A3BFDEBT5IV4UN,0373777787,4.0,1375401600
A1I6U5AQAT3ZG9,0373777787,3.0,1392163200
A14I311IIUMBWC,0373777787,4.0,1376524800
A3326UC548HDXO,0373777787,5.0,1375401600
AFVQZQ8PW0L,0373777787,5.0,1375142400
A3L1Z0R3ZB2OFU,0373777787,3.0,1375660800
A37BRR2L8PX3R2,0373777787,4.0,1375142400
AM09IO8QXEB1B,0373777787,5.0,1375747200
AHUT55E980RDR,0373777787,3.0,1382400000
A2UBDYN21RI97X,0373777787,4.0,1375142400
A2SY92ZXU2FOEU,0373777787,5.0,1394064000
A23GRXCXQU3SM8,0373777787,5.0,1375228800
ANOBZWKE25SBY,0373777787,4.0,1391126400
A2V92F5R7MLCVI,0373777787,4.0,1383091200
A8710RWTFG3IY,0374214913,5.0,1349395200
A2X29H96X7C3XJ,0374214913,4.0,1353628800
A39650P2CZUUC9,0374214913,4.0,1346371200
A1E2NA2F4RTQ9B,0374214913,4.0,1358726400
A3UW23DBF2KHWC,0374214913,4.0,1394150400
A2RQ0AT4XZUIXL,0374214913,4.0,1346371200
ABMX8XUNPR3LP,0374214913,3.0,1398988800
A4SKIA2A7IDRX,0374214913,5.0,1368835200
A319KYEIAZ3SON,0374214913,5.0,1349222400
A3IJHV3XZZEED5,0374214913,4.0,1379030400
AM09IO8QXEB1B,0374214913,4.0,1362355200
A2AIE9DO5QSVBD,0374214913,5.0,1378252800
A1RMHZSWZ7ZEQO,0374214913,5.0,1353456000
A1F3DFRPGVEUI8,0374214913,4.0,1358467200
AKPKPMWM6IIU5,0374214913,4.0,1357257600
A3R19YKNL641X3,0374214913,5.0,1370044800
AITIU2DG1MM4A,0374214913,4.0,1370649600
A1S3IN6CSTBPY6,0374214913,3.0,1359676800
AUTBHG6070SL4,0374214913,5.0,1387065600
A55MRYPUAX4QU,0374292795,4.0,1115683200
A2F3SXHT6RBV81,0374292795,3.0,1130803200
A2E3F04ZK7FG66,0374292795,5.0,1137196800
A11B61QBGHLQDN,0374292795,2.0,1166054400
A1K1JW1C5CUSUZ,0374292795,4.0,1117324800
A1GARI2JT6EAWA,0374292795,5.0,1152057600
A4H4KYSM2KQ85,0374292795,5.0,1151020800
A1XIDKCJ7SOVXP,0374292795,5.0,1135641600
A2TUA4VWCMNXI,0374292795,5.0,1151884800
A1M8PP7MLHNBQB,0374292795,5.0,1117497600
A29NUB3P6YIWZG,0374292795,4.0,1156464000
APTVNT7U6RZC3,0374292795,5.0,1137974400
A22RY8N8CNDF3A,0374292795,3.0,1136937600
A1MJMYLRTZ76ZX,0374292795,5.0,1139443200
A34UTL4AVX80MK,0374292795,5.0,1150416000
A14OJS0VWMOSWO,0374292795,5.0,1131235200
A1S8AJIUIO6M9K,0374292795,4.0,1113177600
AUM3YMZ0YRJE0,0374292795,2.0,1158624000
A1NATT3PN24QWY,0374292795,5.0,1120089600
A16IITISD2LAX0,0374292795,5.0,1124755200
AHD101501WCN1,0374292795,4.0,1114819200
AJDYDG7YZY9QL,0374292795,3.0,1142380800
AITIU2DG1MM4A,0374292795,4.0,1183161600
AXSH6O4OP5L4M,0375405445,5.0,1014768000
A2F3SXHT6RBV81,0375405445,4.0,1206662400
A2CW9IQAPFEYLM,0375405445,4.0,1110412800
A39ABKRS1MKFTW,0375405445,3.0,1279065600
A2NHD7LUXVGTD3,0375405445,4.0,1064016000
A1K1JW1C5CUSUZ,0375405445,4.0,998092800
A24505CR98NLLV,0375405445,5.0,1153526400
A2TXR85WQLE32N,0375405445,5.0,1136764800
A3PGGI7A6XCNF1,0375405445,5.0,978393600
A2VE83MZF98ITY,0375405445,5.0,1126742400
A30KEXFT9SILL6,0375405445,4.0,1117843200
A1LKSZ9CYJ6829,0375405445,5.0,1096502400
A2O9HU1K7TCF7B,0375405445,4.0,1078358400
A1MJMYLRTZ76ZX,0375405445,5.0,1137369600
A34UTL4AVX80MK,0375405445,5.0,1146268800
A2F3M93RRLFQNJ,0375405445,4.0,1006560000
A1XXJ6I7K2I7SI,0375405445,5.0,975369600
A27KTPDJQ0U7I6,0375405445,5.0,1269648000
A16QODENBJVUI1,0375405445,5.0,1029196800
AHD101501WCN1,0375405445,5.0,1221264000
A21NVBFIEQWDSG,0375411089,4.0,1129334400
A55MRYPUAX4QU,0375411089,5.0,1090800000
A2F6N60Z96CAJI,0375411089,5.0,1090627200
AYT4FJYVCHYLE,0375411089,5.0,1091318400
A39ABKRS1MKFTW,0375411089,5.0,1094860800
A1K1JW1C5CUSUZ,0375411089,5.0,1091404800
A3PGGI7A6XCNF1,0375411089,5.0,1091232000
A3BH49ZKESHDID,0375411089,5.0,1125705600
A30KEXFT9SILL6,0375411089,4.0,1182556800
A3M174IC0VXOS2,0375411089,5.0,1089676800
AFVQZQ8PW0L,0375411089,4.0,1089849600
A9I40WFF40R4,0375411089,5.0,1103328000
AIO247KHD2O40,0375411089,4.0,1095033600
A1RECBDKHVOJMW,0375411089,4.0,1092528000
A9LAPV8XNKZVZ,0375411089,3.0,1091404800
A3VMCKYN22X0CO,0375411089,4.0,1091836800
A29NUB3P6YIWZG,0375411089,3.0,1127520000
A2VG0RY3EUWZKB,0375411089,5.0,1090800000
A2GBJQ9THOYDAJ,0375411089,4.0,1131580800
A3Z9QN0RCOHEY,0375411089,5.0,1124496000
A3U29LBT749HJ0,0375411089,5.0,1252195200
A126YLPKFPNQDS,0375411089,5.0,1096416000
A1RMHZSWZ7ZEQO,0375411089,4.0,1095638400
A3R19YKNL641X3,0375411089,5.0,1095033600
A2JP0URFHXP6DO,0375411089,5.0,1114041600
A2S166WSCFIFP5,037543318X,5.0,1100563200
A2C27IQUH9N1Z,037543318X,5.0,1069459200
A55MRYPUAX4QU,037543318X,1.0,1082764800
AJV985MKGCIQ0,037543318X,4.0,1084752000
A20EEWWSFMZ1PN,037543318X,5.0,1246665600
A2F3SXHT6RBV81,037543318X,3.0,1123718400
AYT4FJYVCHYLE,037543318X,3.0,1089331200
A1BI8PUEHA5CHW,037543318X,5.0,1061596800
A18FUHNBP90IB4,037543318X,5.0,1114992000
A11B61QBGHLQDN,037543318X,2.0,1177113600
A39ABKRS1MKFTW,037543318X,4.0,1084492800
A3TI1WDAEOTD0I,037543318X,5.0,1329091200
A2B1GZIRD6W646,037543318X,3.0,1055894400
A1MC6BFHWY6WC3,037543318X,4.0,1211846400
A2NHD7LUXVGTD3,037543318X,4.0,1085443200
AC1K4OQOZ90RS,037543318X,3.0,1071360000
A1CHM200OEN65X,037543318X,4.0,1070841600
A30KEXFT9SILL6,037543318X,3.0,1120262400
AFVQZQ8PW0L,037543318X,5.0,956275200
A33I4RCFITFXG5,037543318X,3.0,1069718400
A1RECBDKHVOJMW,037543318X,5.0,1108512000
A3A6GXILVT9JNW,037543318X,5.0,1100995200
ABMX8XUNPR3LP,037543318X,3.0,1295222400
A680RUE1FDO8B,037543318X,4.0,1087171200
A9LAPV8XNKZVZ,037543318X,2.0,995241600
A2RPIGO3G4M6GN,037543318X,2.0,1097107200
A3GKPMHV4U64IY,037543318X,3.0,1054080000
A3VMCKYN22X0CO,037543318X,5.0,958435200
A2NJO6YE954DBH,037543318X,4.0,1144195200
A1MJMYLRTZ76ZX,037543318X,5.0,1133136000
A1M4NJYP0WNL8Q,037543318X,4.0,1070496000
A2F3M93RRLFQNJ,037543318X,3.0,1118534400
A3U29LBT749HJ0,037543318X,3.0,1127606400
A2O5RT4RCC4NU2,037543318X,4.0,1168992000
A4FX5YCJA630V,037543318X,3.0,1150416000
A126KX6FVI4T66,037543318X,3.0,1208476800
A1ARJBC8VD5P8P,037543318X,4.0,1090195200
ANEDXRFDZDL18,037543318X,3.0,1104710400
A2VKWLCNZF4ZVB,037543318X,5.0,1105660800
A3R19YKNL641X3,037543318X,5.0,1082505600
AITIU2DG1MM4A,037543318X,4.0,1087257600
A96K1ZGW56S2I,037543318X,4.0,1105401600
ADEVBXUS0RSIR,0375433392,5.0,1245110400
AYT4FJYVCHYLE,0375433392,5.0,1150329600
A39ABKRS1MKFTW,0375433392,4.0,1317945600
A3R9X003XW0LNR,0375433392,4.0,1152662400
A1K1JW1C5CUSUZ,0375433392,3.0,1148601600
AC1K4OQOZ90RS,0375433392,4.0,1148169600
A3BH49ZKESHDID,0375433392,5.0,1150934400
AFVQZQ8PW0L,0375433392,5.0,1148256000
ATK1PI2HWROER,0375433392,4.0,1292716800
A1CNQTCRQ35IMM,0375433392,3.0,1325635200
A680RUE1FDO8B,0375433392,5.0,1148688000
A9LAPV8XNKZVZ,0375433392,4.0,1151020800
A2DSXA1E02C86D,0375433392,3.0,1168560000
A4SKIA2A7IDRX,0375433392,5.0,1347840000
A2F6SZLKG0TOJ7,0375433392,5.0,1153180800
A3VMCKYN22X0CO,0375433392,5.0,1150329600
A2F3M93RRLFQNJ,0375433392,4.0,1265241600
A1RMHZSWZ7ZEQO,0375433392,4.0,1152576000
A1N1YEMTI9DJ86,0375433392,5.0,1148515200
A3R19YKNL641X3,0375433392,5.0,1152057600
A3MV1KKHX51FYT,0375725601,4.0,1226275200
A2F3SXHT6RBV81,0375725601,3.0,1088208000
A2CW9IQAPFEYLM,0375725601,4.0,1153958400
A39650P2CZUUC9,0375725601,4.0,1235779200
A2F6N60Z96CAJI,0375725601,5.0,1047081600
AYT4FJYVCHYLE,0375725601,2.0,1244592000
A2ZY49IDE6TY5I,0375725601,5.0,1051747200
A39ABKRS1MKFTW,0375725601,5.0,1139788800
A28WJUJF6D2ULA,0375725601,5.0,1141862400
A2B1GZIRD6W646,0375725601,4.0,1111363200
A2NHD7LUXVGTD3,0375725601,4.0,1079913600
AC1K4OQOZ90RS,0375725601,5.0,1157846400
A4R8GJX3UZ1I,0375725601,4.0,1077235200
A3PGGI7A6XCNF1,0375725601,5.0,1048032000
A3M174IC0VXOS2,0375725601,5.0,1047168000
A1E1LEVQ9VQNK,0375725601,5.0,1168041600
A2O9HU1K7TCF7B,0375725601,5.0,1066089600
A9LAPV8XNKZVZ,0375725601,3.0,1199836800
A2TUA4VWCMNXI,0375725601,5.0,1084665600
A222LQEPE7O7BV,0375725601,5.0,1121212800
A2E3GFHUDNPYDH,0375725601,4.0,1323302400
A3OJFPKMCXKOM0,0375725601,5.0,1148688000
A1L43KWWR05PCS,0375725601,4.0,1321315200
A29NUB3P6YIWZG,0375725601,5.0,1283644800
A3Q86MZSVUUAD8,0375725601,5.0,1313712000
A2SI6BNK5SWSMD,0375725601,1.0,1255824000
APTVNT7U6RZC3,0375725601,4.0,1370736000
A2MF2QVSCUI27G,0375725601,4.0,1073001600
A232HUAELH5J6V,0375725601,3.0,1347494400
A2ODBHT4URXVXQ,0375725601,5.0,1051401600
A1RMHZSWZ7ZEQO,0375725601,3.0,1048032000
A2EDZH51XHFA9B,0375725601,4.0,1166572800
AUM3YMZ0YRJE0,0375725601,4.0,1099267200
A3I8FT707XKQAJ,0375725601,3.0,1347753600
AQQLWCMRNDFGI,0375725601,5.0,1162598400
A303U1MOXG5R1F,0375725601,5.0,1179964800
A2TX179XAT5GRP,0375725601,5.0,1186963200
A3R19YKNL641X3,0375725601,3.0,1157155200
A3H8NJ5PJNLFD5,0375826688,4.0,1135468800
AXSH6O4OP5L4M,0375826688,5.0,1311984000
A2CR57GAJKNWVV,0375826688,3.0,1073001600
AYT4FJYVCHYLE,0375826688,4.0,1072483200
A24H4WUFUDPTAA,0375826688,4.0,1144368000
A1GARI2JT6EAWA,0375826688,4.0,1180396800
A1D2C0WDCSHUWZ,0375826688,2.0,1161734400
AMX0PJKV4PPNJ,0375826688,2.0,1087171200
A30KEXFT9SILL6,0375826688,3.0,1124064000
AFVQZQ8PW0L,0375826688,5.0,1064620800
ABMX8XUNPR3LP,0375826688,3.0,1290470400
A13QTZ8CIMHHG4,0375826688,5.0,1263340800
A14OJS0VWMOSWO,0375826688,5.0,1018569600
A3T0OTH5072YRE,0375826688,3.0,1295654400
A2EDZH51XHFA9B,0375826688,3.0,1158710400
A24ZMNWTW8AQUR,0375826688,5.0,1163635200
AFVZXHIUSXINA,0375826688,5.0,1090800000
A96K1ZGW56S2I,0375826688,4.0,1177372800
A2F6N60Z96CAJI,0375831002,5.0,1192406400
AISUSPFYY68RO,0375831002,3.0,1283558400
AYT4FJYVCHYLE,0375831002,5.0,1149552000
A1BI8PUEHA5CHW,0375831002,5.0,1242432000
A25HWUX0L2DCFM,0375831002,5.0,1336435200
A2QZVW56O4WSBT,0375831002,5.0,1389916800
A1G37DFO8MQW0M,0375831002,5.0,1396137600
A11B61QBGHLQDN,0375831002,5.0,1329609600
A39ABKRS1MKFTW,0375831002,5.0,1277510400
A1E2NA2F4RTQ9B,0375831002,4.0,1329609600
A3UW23DBF2KHWC,0375831002,5.0,1373500800
A18JHVX925K101,0375831002,5.0,1370217600
A2NHD7LUXVGTD3,0375831002,5.0,1214438400
A1K1JW1C5CUSUZ,0375831002,5.0,1243382400
A1CHM200OEN65X,0375831002,5.0,1277424000
A3PGGI7A6XCNF1,0375831002,5.0,1395705600
A3BH49ZKESHDID,0375831002,5.0,1282867200
A1G9FX1KV45N41,0375831002,5.0,1245542400
AFVQZQ8PW0L,0375831002,5.0,1142553600
A1RECBDKHVOJMW,0375831002,5.0,1242345600
A1CNQTCRQ35IMM,0375831002,2.0,1321488000
A1DYMH30TSRONY,0375831002,4.0,1144281600
A2E3GFHUDNPYDH,0375831002,5.0,1152921600
A22B13EJTZKCTM,0375831002,5.0,1258848000
A11L3YX5WIDKJ,0375831002,5.0,1374019200
A133ZC2Z8MAIED,0375831002,5.0,1399334400
A20XM6F911RIDE,0375831002,5.0,1393804800
A2SI6BNK5SWSMD,0375831002,5.0,1212451200
A186ZAYP2L4CDZ,0375831002,5.0,1200268800
A3U29LBT749HJ0,0375831002,3.0,1292025600
A24ZMNWTW8AQUR,0375831002,3.0,1164672000
A1N1YEMTI9DJ86,0375831002,5.0,1404345600
AFVZXHIUSXINA,0375831002,5.0,1142467200
A2TX179XAT5GRP,0375831002,5.0,1196294400
AITIU2DG1MM4A,0375831002,5.0,1164153600
A1D5RCOILPC9LX,0375831002,5.0,1232582400
AISUSPFYY68RO,037586895X,3.0,1380931200
A1BI8PUEHA5CHW,037586895X,4.0,1388534400
A27R2V3WLS43LP,037586895X,3.0,1380326400
A18JHVX925K101,037586895X,5.0,1381190400
A3CN9CCJUNIPKT,037586895X,5.0,1389139200
A1I6U5AQAT3ZG9,037586895X,5.0,1387670400
A2HVL790PBWYTU,037586895X,4.0,1383523200
A2VV2MISGXFY1O,037586895X,4.0,1381190400
A2TSTJP0B3A3H5,037586895X,5.0,1384041600
A6XR7Y415RPD0,037586895X,4.0,1381449600
AX9C10JD538D9,037586895X,4.0,1381276800
A25KKXUQQ0OLWB,037586895X,4.0,1388534400
A35MPEXF4V8YAL,037586895X,4.0,1397001600
AHUT55E980RDR,037586895X,4.0,1386720000
A2AIE9DO5QSVBD,037586895X,4.0,1391299200
A2SY92ZXU2FOEU,037586895X,4.0,1388966400
A11I1I9QLMAM1A,037586895X,4.0,1387238400
A303U1MOXG5R1F,037586895X,3.0,1388707200
ADEVBXUS0RSIR,0385336667,5.0,1245974400
A30H2335OM7RD6,0385336667,5.0,1322524800
A2F6N60Z96CAJI,0385336667,4.0,1054166400
A11B61QBGHLQDN,0385336667,5.0,1238803200
A39ABKRS1MKFTW,0385336667,3.0,1307836800
A1K1JW1C5CUSUZ,0385336667,5.0,1129852800
AC1K4OQOZ90RS,0385336667,4.0,1054339200
A3M174IC0VXOS2,0385336667,4.0,1056931200
AFVQZQ8PW0L,0385336667,5.0,1052784000
ATK1PI2HWROER,0385336667,4.0,1279238400
A1CNQTCRQ35IMM,0385336667,4.0,1324512000
A9LAPV8XNKZVZ,0385336667,3.0,1062028800
A2DSXA1E02C86D,0385336667,5.0,1069891200
A2F6SZLKG0TOJ7,0385336667,5.0,1070496000
A3VMCKYN22X0CO,0385336667,5.0,1056585600
A2MF2QVSCUI27G,0385336667,4.0,1091491200
A3IJHV3XZZEED5,0385336667,3.0,1314662400
A2F3M93RRLFQNJ,0385336667,5.0,1146182400
A1RMHZSWZ7ZEQO,0385336667,4.0,1085011200
A1N1YEMTI9DJ86,0385336667,5.0,1085443200
A3R19YKNL641X3,0385336667,5.0,1137110400
AYT4FJYVCHYLE,0385336675,5.0,1093392000
A1S3C5OFU508P3,0385336675,4.0,1098316800
A39ABKRS1MKFTW,0385336675,3.0,1315440000
A2B1GZIRD6W646,0385336675,4.0,1290470400
A1K1JW1C5CUSUZ,0385336675,4.0,1130284800
AC1K4OQOZ90RS,0385336675,4.0,1084579200
A4R8GJX3UZ1I,0385336675,4.0,1102896000
AFVQZQ8PW0L,0385336675,5.0,1084579200
ATK1PI2HWROER,0385336675,5.0,1279411200
A1CNQTCRQ35IMM,0385336675,3.0,1325116800
A9LAPV8XNKZVZ,0385336675,4.0,1088208000
A2DSXA1E02C86D,0385336675,4.0,1109289600
A4SKIA2A7IDRX,0385336675,5.0,1346976000
A3VMCKYN22X0CO,0385336675,5.0,1088812800
A319KYEIAZ3SON,0385336675,4.0,1084665600
A2F3M93RRLFQNJ,0385336675,5.0,1157155200
AHUT55E980RDR,0385336675,5.0,1271980800
A1RMHZSWZ7ZEQO,0385336675,5.0,1101945600
A1N1YEMTI9DJ86,0385336675,5.0,1086393600
A3R19YKNL641X3,0385336675,4.0,1136505600
A2CR57GAJKNWVV,0385339151,5.0,1172880000
A3U7ELIED4WP4R,0385339151,5.0,1284422400
A3R9X003XW0LNR,0385339151,2.0,1246752000
A1HA6KZZNDCME9,0385339151,5.0,1168128000
AFVQZQ8PW0L,0385339151,5.0,1162684800
A1CTXKA2C7BSC8,0385339151,5.0,1190678400
A1CNQTCRQ35IMM,0385339151,5.0,1353024000
ABMX8XUNPR3LP,0385339151,4.0,1302998400
ABUY5XK1R4YYZ,0385339151,4.0,1294963200
A22B13EJTZKCTM,0385339151,4.0,1278979200
A11L3YX5WIDKJ,0385339151,3.0,1373932800
AOKGRSAS5VNS3,0385339151,4.0,1278806400
A1DW5IH6QCOFQ7,0385339151,4.0,1221091200
A126YLPKFPNQDS,0385339151,4.0,1168214400
A17U562HOY2OQV,0385339151,4.0,1283990400
ANEDXRFDZDL18,0385339151,4.0,1170028800
A3MT311233OHMQ,0385339151,5.0,1325462400
A1K4S4MWXI9E9M,0385339151,5.0,1374883200
A2E9HDZXQORZLA,0385339151,4.0,1250035200
A2PWUIQG57O1AZ,0385340540,4.0,1130889600
A2HM0BZWQRV1EF,0385340540,5.0,1125532800
A2F6N60Z96CAJI,0385340540,5.0,1106352000
A39ABKRS1MKFTW,0385340540,3.0,1121126400
A28WJUJF6D2ULA,0385340540,3.0,1124409600
A2B1GZIRD6W646,0385340540,2.0,1185494400
A1K1JW1C5CUSUZ,0385340540,3.0,1111104000
A1GARI2JT6EAWA,0385340540,2.0,1287273600
AC1K4OQOZ90RS,0385340540,5.0,1105747200
A3BH49ZKESHDID,0385340540,4.0,1311724800
A680RUE1FDO8B,0385340540,4.0,1109030400
AU7ND6NOCX9IA,0385340540,4.0,1167350400
A2RPIGO3G4M6GN,0385340540,2.0,1118275200
A2DSXA1E02C86D,0385340540,3.0,1153440000
A1IOJE0W1NXOSE,0385340540,4.0,1106265600
A3VMCKYN22X0CO,0385340540,4.0,1106784000
A13QTZ8CIMHHG4,0385340540,4.0,1344902400
A2MF2QVSCUI27G,0385340540,3.0,1105920000
ANEDXRFDZDL18,0385340540,3.0,1106524800
A3R19YKNL641X3,0385340540,4.0,1117584000
A2F6N60Z96CAJI,0385340559,5.0,1180483200
AYT4FJYVCHYLE,0385340559,4.0,1185580800
A39ABKRS1MKFTW,0385340559,5.0,1328400000
A1K1JW1C5CUSUZ,0385340559,4.0,1181520000
A1GARI2JT6EAWA,0385340559,4.0,1356652800
AC1K4OQOZ90RS,0385340559,5.0,1179187200
A3BH49ZKESHDID,0385340559,5.0,1180483200
AKB2PYODH0TKS,0385340559,4.0,1186704000
AFVQZQ8PW0L,0385340559,5.0,1179273600
A1CNQTCRQ35IMM,0385340559,4.0,1325894400
A680RUE1FDO8B,0385340559,5.0,1180137600
A9LAPV8XNKZVZ,0385340559,4.0,1179878400
A2DSXA1E02C86D,0385340559,5.0,1186012800
A4SKIA2A7IDRX,0385340559,5.0,1351296000
A2F6SZLKG0TOJ7,0385340559,4.0,1183680000
A3VMCKYN22X0CO,0385340559,4.0,1182297600
A2SI6BNK5SWSMD,0385340559,4.0,1181606400
A2MF2QVSCUI27G,0385340559,3.0,1179446400
A1U360OMVQRPUB,0385340559,5.0,1181001600
A1RMHZSWZ7ZEQO,0385340559,4.0,1181606400
A1N1YEMTI9DJ86,0385340559,5.0,1180656000
A3R19YKNL641X3,0385340559,4.0,1185062400
AG35NEEFCMQVR,0385340559,3.0,1179532800
A2F6N60Z96CAJI,0385340567,4.0,1214784000
A39ABKRS1MKFTW,0385340567,2.0,1328572800
A1K1JW1C5CUSUZ,0385340567,3.0,1214006400
A3BH49ZKESHDID,0385340567,4.0,1212796800
AFVQZQ8PW0L,0385340567,4.0,1212451200
ATK1PI2HWROER,0385340567,2.0,1302393600
A1CNQTCRQ35IMM,0385340567,2.0,1327190400
A680RUE1FDO8B,0385340567,5.0,1214438400
A9LAPV8XNKZVZ,0385340567,3.0,1212969600
A2DSXA1E02C86D,0385340567,3.0,1214265600
A4SKIA2A7IDRX,0385340567,5.0,1351468800
A2F6SZLKG0TOJ7,0385340567,3.0,1217116800
A3VMCKYN22X0CO,0385340567,4.0,1214697600
A2MF2QVSCUI27G,0385340567,4.0,1212451200
A2VG0RY3EUWZKB,0385340567,5.0,1214956800
AHUT55E980RDR,0385340567,3.0,1225065600
A1RMHZSWZ7ZEQO,0385340567,2.0,1238716800
A1N1YEMTI9DJ86,0385340567,4.0,1214438400
A3R19YKNL641X3,0385340567,3.0,1217376000
A2FS9CYCWC6HLW,0385340990,3.0,1335916800
A30H2335OM7RD6,0385340990,5.0,1349568000
A21NVBFIEQWDSG,0385340990,5.0,1223510400
A2X29H96X7C3XJ,0385340990,5.0,1217548800
A39650P2CZUUC9,0385340990,5.0,1243036800
A2F6N60Z96CAJI,0385340990,5.0,1217808000
A1BI8PUEHA5CHW,0385340990,5.0,1222819200
A24H4WUFUDPTAA,0385340990,5.0,1215907200
A3R9X003XW0LNR,0385340990,5.0,1246233600
A1K1JW1C5CUSUZ,0385340990,5.0,1226016000
A4R8GJX3UZ1I,0385340990,5.0,1219622400
A3M174IC0VXOS2,0385340990,5.0,1217721600
A1CNQTCRQ35IMM,0385340990,3.0,1282176000
A1DYMH30TSRONY,0385340990,4.0,1234310400
A2O9HU1K7TCF7B,0385340990,5.0,1217030400
A2DSXA1E02C86D,0385340990,5.0,1302998400
A2E3GFHUDNPYDH,0385340990,4.0,1283472000
A1IOJE0W1NXOSE,0385340990,4.0,1222214400
A3OL1AX1IODBYL,0385340990,5.0,1239494400
A3NLJZI5NEOT0K,0385340990,5.0,1219190400
A2SI6BNK5SWSMD,0385340990,4.0,1247011200
A22RY8N8CNDF3A,0385340990,4.0,1257292800
A3IJHV3XZZEED5,0385340990,5.0,1285200000
A2UDGZUEYHULS5,0385340990,5.0,1217894400
A3T0OTH5072YRE,0385340990,3.0,1327104000
A3Z9QN0RCOHEY,0385340990,4.0,1220400000
A186ZAYP2L4CDZ,0385340990,5.0,1227052800
AN8C7BGR98HLN,0385340990,5.0,1313712000
ACEOOCYZRPWF3,0385340990,5.0,1278720000
A1RMHZSWZ7ZEQO,0385340990,5.0,1217980800
AS6SH2JM2YY3H,0385340990,4.0,1279324800
A36TDC5SGAN0EP,0385340990,5.0,1299801600
A19GJX6TTSK0C0,0385340990,5.0,1385596800
A1N1YEMTI9DJ86,0385340990,5.0,1403308800
A23MAG8UKFL0QW,0385340990,5.0,1220918400
A2ZHH7AK83JB5G,0385340990,5.0,1216598400
A1S3IN6CSTBPY6,0385340990,5.0,1216944000
A1D5RCOILPC9LX,0385340990,4.0,1274659200
A1POFVVXUZR3IQ,0385340990,5.0,1222300800
A2F6N60Z96CAJI,0385344074,5.0,1256515200
AYT4FJYVCHYLE,0385344074,2.0,1248998400
A2MF4TISBBQT5A,0385344074,4.0,1249948800
A11B61QBGHLQDN,0385344074,5.0,1248739200
A39ABKRS1MKFTW,0385344074,4.0,1250467200
A4R8GJX3UZ1I,0385344074,2.0,1284249600
A1RECBDKHVOJMW,0385344074,4.0,1255564800
A3VMCKYN22X0CO,0385344074,5.0,1251936000
A3OL1AX1IODBYL,0385344074,5.0,1291939200
A2MF2QVSCUI27G,0385344074,4.0,1244937600
A34UTL4AVX80MK,0385344074,4.0,1259539200
A3Z9QN0RCOHEY,0385344074,4.0,1263945600
A186ZAYP2L4CDZ,0385344074,5.0,1275177600
AN8C7BGR98HLN,0385344074,3.0,1264032000
AS6SH2JM2YY3H,0385344074,4.0,1248912000
A1F3DFRPGVEUI8,0385344074,4.0,1252627200
AKPKPMWM6IIU5,0385344074,4.0,1259107200
A2V92F5R7MLCVI,0385344074,5.0,1248739200
ADEVBXUS0RSIR,0385344325,5.0,1319241600
A2F6N60Z96CAJI,0385344325,5.0,1317340800
A39ABKRS1MKFTW,0385344325,4.0,1360627200
A3R9X003XW0LNR,0385344325,3.0,1337817600
A1K1JW1C5CUSUZ,0385344325,4.0,1318550400
AC1K4OQOZ90RS,0385344325,5.0,1317859200
A3BH49ZKESHDID,0385344325,5.0,1317513600
AFVQZQ8PW0L,0385344325,5.0,1317081600
A2KWQ64TRHB3YH,0385344325,5.0,1321228800
A1CNQTCRQ35IMM,0385344325,4.0,1326931200
A680RUE1FDO8B,0385344325,5.0,1318636800
A9LAPV8XNKZVZ,0385344325,3.0,1317859200
A2DSXA1E02C86D,0385344325,3.0,1352592000
A4SKIA2A7IDRX,0385344325,5.0,1356566400
A2F6SZLKG0TOJ7,0385344325,4.0,1329782400
A3NLJZI5NEOT0K,0385344325,2.0,1353888000
A2F3M93RRLFQNJ,0385344325,5.0,1336089600
A324NNSMM9EFML,0385344325,4.0,1320278400
A1N1YEMTI9DJ86,0385344325,4.0,1318032000
AKPKPMWM6IIU5,0385344325,3.0,1318032000
A3R19YKNL641X3,0385344325,3.0,1319328000
A8710RWTFG3IY,0385346859,3.0,1360627200
A39650P2CZUUC9,0385346859,3.0,1352592000
A2F6N60Z96CAJI,0385346859,5.0,1362441600
A2QZVW56O4WSBT,0385346859,5.0,1404691200
A3UW23DBF2KHWC,0385346859,5.0,1372636800
A2PR6NXG0PA3KY,0385346859,5.0,1362700800
A1DYMH30TSRONY,0385346859,4.0,1393459200
A2AYSFGUP5VTY3,0385346859,2.0,1361664000
A2MF2QVSCUI27G,0385346859,4.0,1364083200
A25KKXUQQ0OLWB,0385346859,5.0,1365724800
A319KYEIAZ3SON,0385346859,3.0,1389916800
A3Z9QN0RCOHEY,0385346859,5.0,1369785600
A1RMHZSWZ7ZEQO,0385346859,3.0,1357084800
A8IPQ1Q1O7YX5,0385346859,5.0,1351555200
A1F3DFRPGVEUI8,0385346859,5.0,1360713600
AKPKPMWM6IIU5,0385346859,4.0,1362614400
A2ZHH7AK83JB5G,0385346859,3.0,1352592000
A1XRQ6YJ7HXQFQ,0385346859,3.0,1371600000
A2F6N60Z96CAJI,0385362307,5.0,1369094400
A3TI1WDAEOTD0I,0385362307,5.0,1369612800
A2NHD7LUXVGTD3,0385362307,4.0,1364515200
A1K1JW1C5CUSUZ,0385362307,4.0,1370304000
A1I6U5AQAT3ZG9,0385362307,5.0,1374105600
A3BH49ZKESHDID,0385362307,5.0,1369267200
A391VTDTFIM6X3,0385362307,5.0,1364169600
A134C9GVEU5TQE,0385362307,5.0,1368748800
A9I40WFF40R4,0385362307,5.0,1364428800
A1U360OMVQRPUB,0385362307,5.0,1371772800
AHUT55E980RDR,0385362307,5.0,1370390400
A18RWUG5OVTR1O,0385362307,4.0,1371340800
A324NNSMM9EFML,0385362307,5.0,1370390400
A1RMHZSWZ7ZEQO,0385362307,4.0,1365984000
AKPKPMWM6IIU5,0385362307,5.0,1372118400
A2ZHH7AK83JB5G,0385362307,3.0,1372896000
A1DLVUJFANNU1Q,0385362307,4.0,1368662400
A1XRQ6YJ7HXQFQ,0385362307,4.0,1379894400
A21NVBFIEQWDSG,0385511809,4.0,1146182400
AYT4FJYVCHYLE,0385511809,5.0,1129593600
A1G37DFO8MQW0M,0385511809,5.0,1203465600
A328S9RN3U5M68,0385511809,5.0,1117929600
A9I40WFF40R4,0385511809,5.0,1112400000
A1LKSZ9CYJ6829,0385511809,3.0,1240272000
AKT8TGIT6VVZ5,0385511809,4.0,1162857600
A29NUB3P6YIWZG,0385511809,3.0,1168560000
A2MF2QVSCUI27G,0385511809,5.0,1111449600
A34UTL4AVX80MK,0385511809,5.0,1140220800
A319KYEIAZ3SON,0385511809,5.0,1111449600
A2GBJQ9THOYDAJ,0385511809,3.0,1115769600
A2F3M93RRLFQNJ,0385511809,5.0,1174521600
A2UIXU97JYCPZG,0385511809,2.0,1135296000
A1RMHZSWZ7ZEQO,0385511809,4.0,1113696000
A8IPQ1Q1O7YX5,0385511809,5.0,1145318400
A1F3DFRPGVEUI8,0385511809,5.0,1309996800
AJDYDG7YZY9QL,0385511809,5.0,1149811200
AITIU2DG1MM4A,0385511809,4.0,1132963200
A1S3C5OFU508P3,0385516169,5.0,1147737600
A3KF4IP2MUS8QQ,0385516169,5.0,1147737600
A1K1JW1C5CUSUZ,0385516169,3.0,1147132800
A3EQQP0LD4Z375,0385516169,5.0,1147219200
A3PGGI7A6XCNF1,0385516169,5.0,1170028800
A30KEXFT9SILL6,0385516169,4.0,1220054400
A3M174IC0VXOS2,0385516169,5.0,1148256000
A328S9RN3U5M68,0385516169,5.0,1147132800
AFVQZQ8PW0L,0385516169,5.0,1147564800
A1RECBDKHVOJMW,0385516169,5.0,1154995200
AKT8TGIT6VVZ5,0385516169,5.0,1147219200
A1M8PP7MLHNBQB,0385516169,5.0,1151280000
A2DSXA1E02C86D,0385516169,5.0,1147132800
A2E3GFHUDNPYDH,0385516169,4.0,1165276800
A1L43KWWR05PCS,0385516169,5.0,1148256000
A3NLJZI5NEOT0K,0385516169,5.0,1227916800
A126YLPKFPNQDS,0385516169,4.0,1182470400
A3QVAKVRAH657N,0385516169,4.0,1149724800
A4FX5YCJA630V,0385516169,4.0,1166227200
A26JGAM6GZMM4V,0385516169,5.0,1147737600
A1F3DFRPGVEUI8,0385516169,4.0,1190073600
AG35NEEFCMQVR,0385516169,5.0,1147737600
A1D5RCOILPC9LX,0385516169,5.0,1232409600
A2ICKSJ6T7WIBO,0385660065,5.0,1140652800
A55MRYPUAX4QU,0385660065,5.0,1159401600
AYT4FJYVCHYLE,0385660065,5.0,1099267200
A1BI8PUEHA5CHW,0385660065,5.0,1215129600
A39ABKRS1MKFTW,0385660065,5.0,1123459200
A2B1GZIRD6W646,0385660065,4.0,1129248000
A1HA6KZZNDCME9,0385660065,5.0,1138060800
A2NHD7LUXVGTD3,0385660065,5.0,1119052800
A1K1JW1C5CUSUZ,0385660065,5.0,1176768000
A2RQ0AT4XZUIXL,0385660065,5.0,1109808000
A4R8GJX3UZ1I,0385660065,5.0,1093910400
A1CHM200OEN65X,0385660065,5.0,1194912000
A3PGGI7A6XCNF1,0385660065,5.0,1182643200
A3M174IC0VXOS2,0385660065,5.0,1056240000
A1G9FX1KV45N41,0385660065,5.0,1243123200
A328S9RN3U5M68,0385660065,5.0,1103155200
A1RECBDKHVOJMW,0385660065,5.0,1090195200
A1DYMH30TSRONY,0385660065,5.0,1144281600
A2O9HU1K7TCF7B,0385660065,5.0,1380844800
AKT8TGIT6VVZ5,0385660065,5.0,1177632000
A1M8PP7MLHNBQB,0385660065,5.0,1088035200
A2YXRT2XIJIO57,0385660065,3.0,1396828800
A2RPIGO3G4M6GN,0385660065,2.0,1170547200
A1RY8R18NEO9AA,0385660065,5.0,1267747200
A2E3GFHUDNPYDH,0385660065,4.0,1265328000
A1IOJE0W1NXOSE,0385660065,5.0,1115164800
A22B13EJTZKCTM,0385660065,4.0,1287705600
A29NUB3P6YIWZG,0385660065,4.0,1224460800
A2MF2QVSCUI27G,0385660065,5.0,1057449600
A2I6MHMAZZDCRX,0385660065,3.0,1193184000
A319KYEIAZ3SON,0385660065,4.0,1055289600
A2UDGZUEYHULS5,0385660065,5.0,1120089600
A3T0OTH5072YRE,0385660065,4.0,1361059200
A3Z9QN0RCOHEY,0385660065,5.0,1124496000
AN8C7BGR98HLN,0385660065,5.0,1202601600
AJKWF4W7QD4NS,0385660065,2.0,1138752000
A2O5RT4RCC4NU2,0385660065,5.0,1326672000
A2ODBHT4URXVXQ,0385660065,5.0,1065657600
AX54G5AL870Q8,0385660065,5.0,1098403200
A1RMHZSWZ7ZEQO,0385660065,5.0,1079481600
A21VR7M8O55EF6,0385660065,4.0,1104883200
A126KX6FVI4T66,0385660065,3.0,1109980800
A1F3DFRPGVEUI8,0385660065,5.0,1189555200
AHD101501WCN1,0385660065,5.0,1198281600
A1N1YEMTI9DJ86,0385660065,4.0,1364601600
A303U1MOXG5R1F,0385660065,5.0,1182556800
A2TX179XAT5GRP,0385660065,5.0,1203984000
AITIU2DG1MM4A,0385660065,4.0,1169596800
A55MRYPUAX4QU,0393035158,4.0,1094601600
ABN5K7K1TM1QA,0393035158,5.0,1158883200
A3RFXU3P0XKKF4,0393035158,5.0,1157587200
A1LKSZ9CYJ6829,0393035158,4.0,1135987200
AU7ND6NOCX9IA,0393035158,5.0,1099872000
A9LAPV8XNKZVZ,0393035158,4.0,1159228800
AUEY946M1L939,0393035158,3.0,1098662400
A1M8PP7MLHNBQB,0393035158,5.0,1094083200
A1ER5AYS3FQ9O3,0393035158,4.0,1141603200
A22RY8N8CNDF3A,0393035158,4.0,1135468800
A12A08OL0TZY0W,0393035158,3.0,1173312000
A2F3M93RRLFQNJ,0393035158,5.0,1230336000
A2EDZH51XHFA9B,0393035158,4.0,1123027200
A1S8AJIUIO6M9K,0393035158,5.0,1154995200
A1OX82JPAQLL60,0393035158,2.0,1138665600
A1NATT3PN24QWY,0393035158,4.0,1116979200
AS6SH2JM2YY3H,0393035158,5.0,1166832000
A2Z4KA3EFQWZOX,0393035158,3.0,1125014400
AHD101501WCN1,0393035158,2.0,1136678400
AJDYDG7YZY9QL,0393035158,5.0,1099440000
A2OJW07GQRNJUT,0393035158,4.0,1364428800
A3MV1KKHX51FYT,0393038912,4.0,1221782400
A2VMT89TCSF105,0393038912,4.0,1253404800
AXSH6O4OP5L4M,0393038912,5.0,982454400
A2CR57GAJKNWVV,0393038912,5.0,1139011200
ABN5K7K1TM1QA,0393038912,5.0,1019952000
A2NHD7LUXVGTD3,0393038912,3.0,978134400
A1GARI2JT6EAWA,0393038912,5.0,1159833600
AQZH7YTWQPOBE,0393038912,4.0,1128384000
A1XIDKCJ7SOVXP,0393038912,5.0,1228003200
A1DYMH30TSRONY,0393038912,4.0,1150934400
A222LQEPE7O7BV,0393038912,4.0,1043884800
AKT8TGIT6VVZ5,0393038912,5.0,986774400
A2YXRT2XIJIO57,0393038912,5.0,1211241600
A133ZC2Z8MAIED,0393038912,5.0,1084838400
A22RY8N8CNDF3A,0393038912,4.0,1371427200
A12A08OL0TZY0W,0393038912,5.0,1164326400
A34UTL4AVX80MK,0393038912,5.0,1113004800
A13G1TKIKHGV3F,0393038912,4.0,1333152000
A2F3M93RRLFQNJ,0393038912,4.0,1043625600
AUM3YMZ0YRJE0,0393038912,5.0,1331424000
A27KTPDJQ0U7I6,0393038912,4.0,1276992000
AJDYDG7YZY9QL,0393038912,5.0,983836800
A2OJW07GQRNJUT,0393038912,5.0,1362009600
AITIU2DG1MM4A,0393038912,5.0,1123545600
A1S60W4KWFX1Y9,0393038912,4.0,1250467200
ADEVBXUS0RSIR,0399142533,4.0,1269907200
AYT4FJYVCHYLE,0399142533,4.0,1156723200
A39ABKRS1MKFTW,0399142533,4.0,1252800000
A1K1JW1C5CUSUZ,0399142533,4.0,1124236800
AC1K4OQOZ90RS,0399142533,4.0,996969600
A3BH49ZKESHDID,0399142533,5.0,1174608000
ATK1PI2HWROER,0399142533,4.0,1258934400
AIO247KHD2O40,0399142533,4.0,1372377600
A1CNQTCRQ35IMM,0399142533,5.0,1322524800
A1DYMH30TSRONY,0399142533,4.0,1161993600
A2RPIGO3G4M6GN,0399142533,2.0,1176336000
A4SKIA2A7IDRX,0399142533,5.0,1329955200
A6XR7Y415RPD0,0399142533,4.0,1389312000
A2SI6BNK5SWSMD,0399142533,4.0,1120089600
A3QVAKVRAH657N,0399142533,3.0,974851200
A20HMA36ESANHC,0399142533,4.0,1398902400
A1N1YEMTI9DJ86,0399142533,4.0,1059696000
A3R19YKNL641X3,0399142533,5.0,1125792000
ADEVBXUS0RSIR,0399143793,5.0,1270857600
A30H2335OM7RD6,0399143793,5.0,1067299200
AYT4FJYVCHYLE,0399143793,4.0,1170460800
A39ABKRS1MKFTW,0399143793,3.0,1255564800
A2B1GZIRD6W646,0399143793,4.0,1026172800
A1K1JW1C5CUSUZ,0399143793,3.0,1126224000
AC1K4OQOZ90RS,0399143793,3.0,997920000
A3M174IC0VXOS2,0399143793,4.0,1099008000
ATK1PI2HWROER,0399143793,5.0,1260662400
AIO247KHD2O40,0399143793,3.0,1383004800
A1CNQTCRQ35IMM,0399143793,4.0,1322784000
A4SKIA2A7IDRX,0399143793,5.0,1337558400
A2SI6BNK5SWSMD,0399143793,4.0,1135987200
A13G1TKIKHGV3F,0399143793,2.0,1352246400
AHUT55E980RDR,0399143793,4.0,1231113600
A1RMHZSWZ7ZEQO,0399143793,4.0,1090368000
A1N1YEMTI9DJ86,0399143793,4.0,1064448000
A3R19YKNL641X3,0399143793,4.0,1126915200
AJV985MKGCIQ0,0399147101,5.0,1063411200
A2CR57GAJKNWVV,0399147101,4.0,995500800
A1S3C5OFU508P3,0399147101,4.0,1111449600
A2B1GZIRD6W646,0399147101,4.0,1022976000
A1K1JW1C5CUSUZ,0399147101,4.0,988848000
A3BH49ZKESHDID,0399147101,3.0,1109635200
A30KEXFT9SILL6,0399147101,2.0,1061596800
A3M174IC0VXOS2,0399147101,5.0,985737600
AFVQZQ8PW0L,0399147101,5.0,982454400
ATK1PI2HWROER,0399147101,4.0,1340582400
A9LAPV8XNKZVZ,0399147101,4.0,987120000
A2F6SZLKG0TOJ7,0399147101,4.0,1075680000
A3LF914GG87TWP,0399147101,5.0,1187481600
A2NJO6YE954DBH,0399147101,3.0,986774400
A1M4NJYP0WNL8Q,0399147101,5.0,985737600
A14OJS0VWMOSWO,0399147101,5.0,997488000
AHUT55E980RDR,0399147101,4.0,1046822400
A2O5RT4RCC4NU2,0399147101,4.0,1369440000
A3OJAWIMUKNHTP,0399147101,4.0,1008806400
A30H2335OM7RD6,0399147268,5.0,1062115200
A39ABKRS1MKFTW,0399147268,3.0,1287792000
A1K1JW1C5CUSUZ,0399147268,4.0,1128902400
AC1K4OQOZ90RS,0399147268,3.0,994291200
A3BH49ZKESHDID,0399147268,4.0,1207094400
AFVQZQ8PW0L,0399147268,5.0,993513600
ATK1PI2HWROER,0399147268,3.0,1262649600
A1CNQTCRQ35IMM,0399147268,4.0,1324080000
A9LAPV8XNKZVZ,0399147268,3.0,996624000
A2DSXA1E02C86D,0399147268,5.0,1027555200
A2F6SZLKG0TOJ7,0399147268,4.0,1053648000
A3VMCKYN22X0CO,0399147268,4.0,994204800
A2F3M93RRLFQNJ,0399147268,5.0,1120953600
AHUT55E980RDR,0399147268,5.0,1231632000
A3OJAWIMUKNHTP,0399147268,4.0,1015459200
A1N1YEMTI9DJ86,0399147268,4.0,1078876800
A3R19YKNL641X3,0399147268,5.0,1135641600
A30H2335OM7RD6,0399148612,5.0,1061337600
A39ABKRS1MKFTW,0399148612,5.0,1291334400
A1K1JW1C5CUSUZ,0399148612,4.0,1129852800
AC1K4OQOZ90RS,0399148612,5.0,1026604800
A3M174IC0VXOS2,0399148612,5.0,1022457600
AFVQZQ8PW0L,0399148612,5.0,1021248000
A2KWQ64TRHB3YH,0399148612,5.0,1370995200
ATK1PI2HWROER,0399148612,4.0,1267574400
A1CNQTCRQ35IMM,0399148612,4.0,1324425600
A9LAPV8XNKZVZ,0399148612,4.0,1023753600
A2DSXA1E02C86D,0399148612,3.0,1051574400
A2F6SZLKG0TOJ7,0399148612,5.0,1062028800
A2MF2QVSCUI27G,0399148612,4.0,1145577600
A13G1TKIKHGV3F,0399148612,1.0,1352246400
AHUT55E980RDR,0399148612,5.0,1231632000
A3OJAWIMUKNHTP,0399148612,5.0,1053129600
A1N1YEMTI9DJ86,0399148612,4.0,1082246400
A3R19YKNL641X3,0399148612,5.0,1132790400
A2F6N60Z96CAJI,0399149155,4.0,1036800000
AYT4FJYVCHYLE,0399149155,4.0,1041033600
A1G37DFO8MQW0M,0399149155,3.0,1296432000
A2B1GZIRD6W646,0399149155,5.0,1098230400
A1K1JW1C5CUSUZ,0399149155,5.0,1055462400
A2RQ0AT4XZUIXL,0399149155,4.0,1037404800
AC1K4OQOZ90RS,0399149155,5.0,1036195200
A3BH49ZKESHDID,0399149155,3.0,1035158400
A30KEXFT9SILL6,0399149155,3.0,1067990400
A3M174IC0VXOS2,0399149155,5.0,1037232000
AFVQZQ8PW0L,0399149155,5.0,1034640000
A1IOJE0W1NXOSE,0399149155,2.0,1051574400
A34UTL4AVX80MK,0399149155,4.0,1124928000
A2GBJQ9THOYDAJ,0399149155,4.0,1044316800
AN8C7BGR98HLN,0399149155,5.0,1184630400
A2ODBHT4URXVXQ,0399149155,4.0,1073606400
A3KCMEJTRQHNAP,0399149155,5.0,1038700800
A1N1YEMTI9DJ86,0399149155,4.0,1042156800
A3MV1KKHX51FYT,0399149325,3.0,1391644800
AXSH6O4OP5L4M,0399149325,4.0,1069027200
A2F6N60Z96CAJI,0399149325,4.0,1039219200
A2QZVW56O4WSBT,0399149325,1.0,1298764800
A28WJUJF6D2ULA,0399149325,3.0,1153699200
A3GQKB1KF0CRPE,0399149325,2.0,1038182400
A1D2C0WDCSHUWZ,0399149325,1.0,1132099200
A3M174IC0VXOS2,0399149325,5.0,1040601600
AFVQZQ8PW0L,0399149325,5.0,1037318400
A3RFXU3P0XKKF4,0399149325,2.0,1165622400
A2O9HU1K7TCF7B,0399149325,1.0,1065916800
A9LAPV8XNKZVZ,0399149325,3.0,1041552000
A2TUA4VWCMNXI,0399149325,5.0,1038614400
A2RPIGO3G4M6GN,0399149325,2.0,1064793600
A2DSXA1E02C86D,0399149325,4.0,1057017600
A1AKQ1YUS4BT82,0399149325,4.0,1060646400
AN0XWUHSHRUG6,0399149325,3.0,1047340800
A2NJO6YE954DBH,0399149325,4.0,1135728000
A303U1MOXG5R1F,0399149325,3.0,1156204800
A2F6N60Z96CAJI,0399149775,4.0,1048896000
A2CR57GAJKNWVV,0399149775,4.0,1056067200
A1S3C5OFU508P3,0399149775,4.0,1051833600
A2B1GZIRD6W646,0399149775,4.0,1083888000
A1K1JW1C5CUSUZ,0399149775,4.0,1055289600
A1GARI2JT6EAWA,0399149775,4.0,1093046400
A3BH49ZKESHDID,0399149775,4.0,1108771200
AFVQZQ8PW0L,0399149775,5.0,1048636800
ATK1PI2HWROER,0399149775,5.0,1355961600
A3LF914GG87TWP,0399149775,5.0,1187481600
A2NJO6YE954DBH,0399149775,4.0,1062720000
A1M4NJYP0WNL8Q,0399149775,5.0,1055635200
A34UTL4AVX80MK,0399149775,3.0,1062806400
AHUT55E980RDR,0399149775,4.0,1055462400
A2O5RT4RCC4NU2,0399149775,4.0,1369785600
A1RMHZSWZ7ZEQO,0399149775,4.0,1070323200
A126KX6FVI4T66,0399149775,3.0,1249084800
A3KCMEJTRQHNAP,0399149775,5.0,1049587200
A2F3SXHT6RBV81,0399152288,3.0,1158969600
A2PWUIQG57O1AZ,0399152288,3.0,1164412800
A2F6N60Z96CAJI,0399152288,4.0,1090713600
AYT4FJYVCHYLE,0399152288,4.0,1134345600
A1G37DFO8MQW0M,0399152288,3.0,1296604800
A39ABKRS1MKFTW,0399152288,3.0,1105488000
A2B1GZIRD6W646,0399152288,2.0,1099180800
A1E2NA2F4RTQ9B,0399152288,4.0,1326067200
A1K1JW1C5CUSUZ,0399152288,4.0,1092614400
A2RQ0AT4XZUIXL,0399152288,2.0,1093824000
A1GARI2JT6EAWA,0399152288,2.0,1190419200
AC1K4OQOZ90RS,0399152288,4.0,1090454400
A3BH49ZKESHDID,0399152288,5.0,1092528000
AFVQZQ8PW0L,0399152288,5.0,1089849600
A1IOJE0W1NXOSE,0399152288,4.0,1090627200
A2F6SZLKG0TOJ7,0399152288,4.0,1105747200
A2SI6BNK5SWSMD,0399152288,4.0,1113004800
A34UTL4AVX80MK,0399152288,4.0,1118793600
A1N1YEMTI9DJ86,0399152288,3.0,1091404800
A3R19YKNL641X3,0399152288,5.0,1095638400
A2PWUIQG57O1AZ,0399152970,4.0,1157932800
A2F6N60Z96CAJI,0399152970,5.0,1134432000
AYT4FJYVCHYLE,0399152970,5.0,1147478400
A2MF4TISBBQT5A,0399152970,4.0,1318464000
A1G37DFO8MQW0M,0399152970,5.0,1300838400
A39ABKRS1MKFTW,0399152970,4.0,1136419200
A2B1GZIRD6W646,0399152970,4.0,1140393600
A1HA6KZZNDCME9,0399152970,5.0,1136678400
A1K1JW1C5CUSUZ,0399152970,5.0,1136160000
A2RQ0AT4XZUIXL,0399152970,3.0,1140739200
AC1K4OQOZ90RS,0399152970,4.0,1133827200
A3BH49ZKESHDID,0399152970,5.0,1137628800
A3M174IC0VXOS2,0399152970,5.0,1134000000
AFVQZQ8PW0L,0399152970,5.0,1133827200
A1IOJE0W1NXOSE,0399152970,4.0,1134345600
A2SI6BNK5SWSMD,0399152970,3.0,1139097600
A22RY8N8CNDF3A,0399152970,2.0,1177804800
A2GBJQ9THOYDAJ,0399152970,3.0,1137369600
A2F3M93RRLFQNJ,0399152970,4.0,1168128000
A1F3DFRPGVEUI8,0399152970,3.0,1284940800
A1N1YEMTI9DJ86,0399152970,4.0,1136592000
A3R19YKNL641X3,0399152970,4.0,1140825600
A2F6N60Z96CAJI,0399153764,5.0,1164153600
A1S3C5OFU508P3,0399153764,3.0,1198454400
A2B1GZIRD6W646,0399153764,4.0,1196899200
A1K1JW1C5CUSUZ,0399153764,2.0,1165017600
A2RQ0AT4XZUIXL,0399153764,4.0,1167004800
A1GARI2JT6EAWA,0399153764,5.0,1170288000
AFVQZQ8PW0L,0399153764,5.0,1161648000
A2VV2MISGXFY1O,0399153764,3.0,1357948800
ATK1PI2HWROER,0399153764,4.0,1369612800
A680RUE1FDO8B,0399153764,5.0,1170892800
A1RY8R18NEO9AA,0399153764,4.0,1275350400
A3LF914GG87TWP,0399153764,4.0,1187827200
A2NJO6YE954DBH,0399153764,4.0,1178496000
A2SI6BNK5SWSMD,0399153764,5.0,1165363200
A1U360OMVQRPUB,0399153764,4.0,1163116800
A2O5RT4RCC4NU2,0399153764,4.0,1369958400
A1RMHZSWZ7ZEQO,0399153764,3.0,1165881600
A2F6N60Z96CAJI,0399156135,5.0,1275955200
A11B61QBGHLQDN,0399156135,4.0,1259280000
A2B1GZIRD6W646,0399156135,4.0,1385942400
A1K1JW1C5CUSUZ,0399156135,4.0,1264982400
A1GARI2JT6EAWA,0399156135,5.0,1292630400
A3BH49ZKESHDID,0399156135,5.0,1286928000
AKB2PYODH0TKS,0399156135,4.0,1259884800
AFVQZQ8PW0L,0399156135,4.0,1263427200
A680RUE1FDO8B,0399156135,5.0,1263686400
A1LKSZ9CYJ6829,0399156135,2.0,1332806400
A9LAPV8XNKZVZ,0399156135,4.0,1263772800
A2TSTJP0B3A3H5,0399156135,4.0,1266710400
A30TK6U7DNS82R,0399156135,3.0,1266537600
A3VMCKYN22X0CO,0399156135,4.0,1262649600
A2SI6BNK5SWSMD,0399156135,3.0,1268524800
A3U29LBT749HJ0,0399156135,4.0,1262044800
A1RMHZSWZ7ZEQO,0399156135,4.0,1266278400
AKPKPMWM6IIU5,0399156135,3.0,1265932800
A1XRQ6YJ7HXQFQ,0399156135,5.0,1267142400
A1I2O9Y3X3HXLS,042518756X,5.0,1147996800
A1X8VZWTOG8IS6,042518756X,4.0,1188086400
AYT4FJYVCHYLE,042518756X,3.0,1140825600
A25HWUX0L2DCFM,042518756X,4.0,1313452800
A1T17LMQABMBN5,042518756X,4.0,1086307200
A1D2C0WDCSHUWZ,042518756X,3.0,1191801600
A1DA6E4FNRSAWN,042518756X,2.0,1172966400
A3FHAMLNGHCFU7,042518756X,4.0,1035936000
A1RECBDKHVOJMW,042518756X,5.0,1104278400
A1CNQTCRQ35IMM,042518756X,1.0,1174003200
ABMX8XUNPR3LP,042518756X,5.0,1293926400
A4SKIA2A7IDRX,042518756X,5.0,1376352000
A2NJO6YE954DBH,042518756X,5.0,976147200
A1L43KWWR05PCS,042518756X,5.0,1118793600
A1M4NJYP0WNL8Q,042518756X,5.0,992131200
A3NIQK6ZLYEP1L,042518756X,3.0,1009411200
A2F3M93RRLFQNJ,042518756X,4.0,1180137600
AHUT55E980RDR,042518756X,4.0,1057881600
A2EDZH51XHFA9B,042518756X,4.0,1151452800
A1K9IG5MP8RW75,042518756X,5.0,1163548800
A1I2O9Y3X3HXLS,0425256383,5.0,1343692800
A25HWUX0L2DCFM,0425256383,4.0,1343001600
A3BFDEBT5IV4UN,0425256383,5.0,1335916800
A2NHD7LUXVGTD3,0425256383,2.0,1344384000
A1D2C0WDCSHUWZ,0425256383,4.0,1335830400
A3LXRIY0HE71K,0425256383,3.0,1339372800
ABMX8XUNPR3LP,0425256383,4.0,1362009600
ABUY5XK1R4YYZ,0425256383,4.0,1335830400
A11L3YX5WIDKJ,0425256383,5.0,1373760000
A6XR7Y415RPD0,0425256383,4.0,1336089600
A13QTZ8CIMHHG4,0425256383,4.0,1346976000
A1DW5IH6QCOFQ7,0425256383,3.0,1336435200
A186ZAYP2L4CDZ,0425256383,3.0,1392508800
A17U562HOY2OQV,0425256383,4.0,1367712000
A3MT311233OHMQ,0425256383,4.0,1336608000
AQQLWCMRNDFGI,0425256383,3.0,1337299200
A1K4S4MWXI9E9M,0425256383,2.0,1367971200
A1JKGTL51HHTU1,0425256383,3.0,1336694400
A1I2O9Y3X3HXLS,0425256960,5.0,1311811200
A2C27IQUH9N1Z,0425256960,4.0,1329264000
A2CR57GAJKNWVV,0425256960,3.0,1308873600
A2NHD7LUXVGTD3,0425256960,3.0,1310947200
A1D2C0WDCSHUWZ,0425256960,3.0,1304467200
AFVQZQ8PW0L,0425256960,5.0,1304380800
A3A6GXILVT9JNW,0425256960,4.0,1310688000
ABMX8XUNPR3LP,0425256960,4.0,1308009600
ABUY5XK1R4YYZ,0425256960,4.0,1304380800
A2TSTJP0B3A3H5,0425256960,2.0,1311465600
A22B13EJTZKCTM,0425256960,2.0,1340755200
A11L3YX5WIDKJ,0425256960,3.0,1373760000
A6XR7Y415RPD0,0425256960,5.0,1306627200
A13QTZ8CIMHHG4,0425256960,5.0,1305072000
A1DW5IH6QCOFQ7,0425256960,3.0,1306454400
A186ZAYP2L4CDZ,0425256960,4.0,1387584000
A126YLPKFPNQDS,0425256960,1.0,1307059200
A17U562HOY2OQV,0425256960,3.0,1334188800
A26J2TRDPZH7RZ,0425256960,4.0,1321315200
AQQLWCMRNDFGI,0425256960,3.0,1305331200
A3H8NJ5PJNLFD5,0425264203,4.0,1188432000
A1X8VZWTOG8IS6,0425264203,3.0,1198713600
AR9RKLQQC2L6K,0425264203,4.0,1377648000
A25HWUX0L2DCFM,0425264203,5.0,1311206400
A2XNOB1T796Y6B,0425264203,3.0,1359158400
A3U7ELIED4WP4R,0425264203,4.0,1302912000
A2IIB10X0CECYV,0425264203,3.0,1210982400
A1HA6KZZNDCME9,0425264203,5.0,1177459200
A3BFDEBT5IV4UN,0425264203,5.0,1374278400
AFVQZQ8PW0L,0425264203,5.0,1175731200
A1CNQTCRQ35IMM,0425264203,3.0,1305676800
ABMX8XUNPR3LP,0425264203,3.0,1299456000
ABUY5XK1R4YYZ,0425264203,5.0,1305590400
A4SKIA2A7IDRX,0425264203,5.0,1368835200
A1AKQ1YUS4BT82,0425264203,4.0,1216080000
A22B13EJTZKCTM,0425264203,4.0,1241740800
A3NPRWXTO85BJ0,0425264203,4.0,1349049600
A1DW5IH6QCOFQ7,0425264203,5.0,1189814400
A126YLPKFPNQDS,0425264203,5.0,1220400000
A17U562HOY2OQV,0425264203,4.0,1239667200
A23GRXCXQU3SM8,0425264203,4.0,1378425600
A3MT311233OHMQ,0425264203,5.0,1352419200
A2E9HDZXQORZLA,0425264203,4.0,1276041600
A3P4BJ6GBH7KIW,0439023483,5.0,1311724800
AISUSPFYY68RO,0439023483,5.0,1280534400
AYT4FJYVCHYLE,0439023483,4.0,1252972800
A2H44WVZS59KKT,0439023483,5.0,1279065600
A2XNOB1T796Y6B,0439023483,4.0,1350259200
A2QZVW56O4WSBT,0439023483,4.0,1313193600
A11B61QBGHLQDN,0439023483,4.0,1348876800
A1WVA7V02PQOY6,0439023483,5.0,1329436800
A1MC6BFHWY6WC3,0439023483,5.0,1296691200
A2IIB10X0CECYV,0439023483,3.0,1272931200
A1E2NA2F4RTQ9B,0439023483,5.0,1313193600
A2NHD7LUXVGTD3,0439023483,4.0,1279756800
A1D2C0WDCSHUWZ,0439023483,5.0,1333497600
AMX0PJKV4PPNJ,0439023483,4.0,1220313600
A1CHM200OEN65X,0439023483,5.0,1242432000
A2HVL790PBWYTU,0439023483,5.0,1221523200
A1CNQTCRQ35IMM,0439023483,5.0,1297900800
ABMX8XUNPR3LP,0439023483,5.0,1269561600
A9LAPV8XNKZVZ,0439023483,3.0,1300838400
A2E3GFHUDNPYDH,0439023483,5.0,1251331200
A1AKQ1YUS4BT82,0439023483,4.0,1253491200
A22B13EJTZKCTM,0439023483,5.0,1219017600
A11L3YX5WIDKJ,0439023483,5.0,1373155200
A2F6SZLKG0TOJ7,0439023483,3.0,1221868800
A13QTZ8CIMHHG4,0439023483,5.0,1329436800
A1L43KWWR05PCS,0439023483,5.0,1310342400
A29NUB3P6YIWZG,0439023483,4.0,1321401600
A3NLJZI5NEOT0K,0439023483,5.0,1292457600
AOKGRSAS5VNS3,0439023483,5.0,1282435200
A370Z6I5GBWU44,0439023483,5.0,1333497600
A3NIQK6ZLYEP1L,0439023483,3.0,1273104000
A3IJHV3XZZEED5,0439023483,5.0,1338854400
A3T0OTH5072YRE,0439023483,4.0,1288051200
A186ZAYP2L4CDZ,0439023483,4.0,1324512000
A3U29LBT749HJ0,0439023483,5.0,1224115200
A2O5RT4RCC4NU2,0439023483,5.0,1343952000
A232HUAELH5J6V,0439023483,5.0,1343088000
A17U562HOY2OQV,0439023483,5.0,1282608000
A4FX5YCJA630V,0439023483,5.0,1337385600
A2EDZH51XHFA9B,0439023483,3.0,1359331200
A16QODENBJVUI1,0439023483,5.0,1315008000
AS6SH2JM2YY3H,0439023483,5.0,1217203200
A3I8FT707XKQAJ,0439023483,5.0,1333497600
A3BSM1MMD6QHIP,0439023483,5.0,1315699200
A24ZMNWTW8AQUR,0439023483,5.0,1285891200
A36TDC5SGAN0EP,0439023483,5.0,1257897600
ANEDXRFDZDL18,0439023483,5.0,1217548800
A2KBF2OYR359AJ,0439023483,5.0,1225411200
A3EX36SNRYD5VL,0439023483,4.0,1217203200
AFVZXHIUSXINA,0439023483,5.0,1226966400
A2TX179XAT5GRP,0439023483,5.0,1222300800
AITIU2DG1MM4A,0439023483,4.0,1245974400
A96K1ZGW56S2I,0439023483,5.0,1332115200
AG35NEEFCMQVR,0439023483,4.0,1340496000
A1D5RCOILPC9LX,0439023483,5.0,1336953600
A126YLPKFPNQDS,0439023491,5.0,1256256000
AISUSPFYY68RO,0439023491,5.0,1280534400
A11B61QBGHLQDN,0439023491,4.0,1350000000
A3BSM1MMD6QHIP,0439023491,5.0,1315699200
A232HUAELH5J6V,0439023491,4.0,1345852800
A2TX179XAT5GRP,0439023491,5.0,1252022400
A370Z6I5GBWU44,0439023491,5.0,1342224000
A17U562HOY2OQV,0439023491,5.0,1283040000
ABMX8XUNPR3LP,0439023491,5.0,1278892800
AFVZXHIUSXINA,0439023491,5.0,1254096000
A2E3GFHUDNPYDH,0439023491,5.0,1252281600
A1L43KWWR05PCS,0439023491,5.0,1310342400
A3I8FT707XKQAJ,0439023491,3.0,1334361600
A2O5RT4RCC4NU2,0439023491,5.0,1343952000
A2KBF2OYR359AJ,0439023491,5.0,1249344000
A1E2NA2F4RTQ9B,0439023491,5.0,1313020800
A3UV7L5ND3EH8T,0439023491,5.0,1283040000
A36TDC5SGAN0EP,0439023491,5.0,1257897600
AOKGRSAS5VNS3,0439023491,5.0,1253404800
A1D5RCOILPC9LX,0439023491,5.0,1336953600
A3IJHV3XZZEED5,0439023491,5.0,1339027200
AITIU2DG1MM4A,0439023491,4.0,1283731200
A1CNQTCRQ35IMM,0439023491,5.0,1297900800
A4FX5YCJA630V,0439023491,4.0,1337472000
AX9C10JD538D9,0439023491,4.0,1301097600
A2NHD7LUXVGTD3,0439023491,4.0,1284768000
A1X4L7AO1BXMHK,0439023491,5.0,1253059200
A1CHM200OEN65X,0439023491,4.0,1252108800
A3EX36SNRYD5VL,0439023491,4.0,1253059200
A11I1I9QLMAM1A,0439023491,5.0,1251331200
A1AKQ1YUS4BT82,0439023491,3.0,1253491200
A1MC6BFHWY6WC3,0439023491,5.0,1298592000
A2HVL790PBWYTU,0439023491,4.0,1250985600
A9LAPV8XNKZVZ,0439023491,2.0,1319068800
A3T0OTH5072YRE,0439023491,3.0,1331078400
A3U29LBT749HJ0,0439023491,5.0,1252454400
AS6SH2JM2YY3H,0439023491,5.0,1252195200
A1JKGTL51HHTU1,0439023491,5.0,1331251200
A3U29LBT749HJ0,0439023513,4.0,1283126400
A24ZMNWTW8AQUR,0439023513,5.0,1287619200
A2TBZAC0XYHLIB,0439023513,5.0,1285372800
AYT4FJYVCHYLE,0439023513,4.0,1283299200
AS6SH2JM2YY3H,0439023513,3.0,1284163200
A2QZVW56O4WSBT,0439023513,5.0,1333670400
A1D5RCOILPC9LX,0439023513,4.0,1336953600
A3BSM1MMD6QHIP,0439023513,5.0,1318550400
A8710RWTFG3IY,0439023513,4.0,1354579200
AISUSPFYY68RO,0439023513,5.0,1283558400
A2H44WVZS59KKT,0439023513,2.0,1286236800
A2XNOB1T796Y6B,0439023513,3.0,1350950400
A11B61QBGHLQDN,0439023513,3.0,1350518400
A2NHD7LUXVGTD3,0439023513,5.0,1284768000
A1CHM200OEN65X,0439023513,2.0,1282867200
A2HVL790PBWYTU,0439023513,4.0,1283040000
A1CNQTCRQ35IMM,0439023513,2.0,1297900800
ABMX8XUNPR3LP,0439023513,4.0,1283558400
A1IU7S4HCK1XK0,0439023513,5.0,1404518400
A2TSTJP0B3A3H5,0439023513,5.0,1282608000
A2E3GFHUDNPYDH,0439023513,5.0,1283040000
A1KYJA5YM1479G,0439023513,5.0,1371513600
A22B13EJTZKCTM,0439023513,5.0,1283126400
A11L3YX5WIDKJ,0439023513,3.0,1373155200
AOKGRSAS5VNS3,0439023513,5.0,1282608000
A25KKXUQQ0OLWB,0439023513,3.0,1334448000
A370Z6I5GBWU44,0439023513,3.0,1342224000
A3IJHV3XZZEED5,0439023513,5.0,1353628800
A3T0OTH5072YRE,0439023513,3.0,1331164800
A2X6WMYTYRE130,0439023513,5.0,1283817600
A126YLPKFPNQDS,0439023513,5.0,1287360000
A2O5RT4RCC4NU2,0439023513,5.0,1343952000
A232HUAELH5J6V,0439023513,2.0,1350345600
A17U562HOY2OQV,0439023513,5.0,1283558400
A4FX5YCJA630V,0439023513,4.0,1337644800
A3I8FT707XKQAJ,0439023513,1.0,1334966400
A19GJX6TTSK0C0,0439023513,5.0,1338681600
A2KBF2OYR359AJ,0439023513,4.0,1284940800
AFVZXHIUSXINA,0439023513,4.0,1285545600
A2TX179XAT5GRP,0439023513,5.0,1286150400
AITIU2DG1MM4A,0439023513,5.0,1287878400
A1JKGTL51HHTU1,0439023513,5.0,1331510400
A2S166WSCFIFP5,0439064864,4.0,1077667200
AXSH6O4OP5L4M,0439064864,5.0,972950400
A11B61QBGHLQDN,0439064864,4.0,1319414400
A28WJUJF6D2ULA,0439064864,5.0,1129593600
A3KF4IP2MUS8QQ,0439064864,5.0,1056067200
A2B1GZIRD6W646,0439064864,5.0,1060732800
A1MC6BFHWY6WC3,0439064864,5.0,1111017600
A2NHD7LUXVGTD3,0439064864,5.0,1024358400
A4R8GJX3UZ1I,0439064864,5.0,1034726400
A3H82LUT1EC655,0439064864,5.0,993945600
A30KEXFT9SILL6,0439064864,5.0,975801600
A1DA6E4FNRSAWN,0439064864,5.0,1168905600
A1G9FX1KV45N41,0439064864,5.0,1165708800
A33I4RCFITFXG5,0439064864,5.0,1032307200
A3FHAMLNGHCFU7,0439064864,5.0,1114128000
A1RECBDKHVOJMW,0439064864,5.0,1106352000
A3A6GXILVT9JNW,0439064864,5.0,1120694400
ABMX8XUNPR3LP,0439064864,5.0,1299888000
A1IU7S4HCK1XK0,0439064864,5.0,1019952000
A2RPIGO3G4M6GN,0439064864,5.0,1186012800
A3LF914GG87TWP,0439064864,5.0,1185062400
A14BTJRH9VNLJJ,0439064864,5.0,1379030400
A2I6MHMAZZDCRX,0439064864,5.0,1175731200
A370Z6I5GBWU44,0439064864,4.0,1291248000
A3NIQK6ZLYEP1L,0439064864,5.0,1133827200
A2F3M93RRLFQNJ,0439064864,4.0,1006041600
A2O5RT4RCC4NU2,0439064864,5.0,1085529600
A3QVAKVRAH657N,0439064864,5.0,1009843200
A16QODENBJVUI1,0439064864,5.0,1253318400
A96K1ZGW56S2I,0439064864,5.0,1007596800
A2S166WSCFIFP5,0439136350,4.0,1187222400
A2ICKSJ6T7WIBO,0439136350,4.0,1185753600
AXSH6O4OP5L4M,0439136350,5.0,1188864000
A20EEWWSFMZ1PN,0439136350,5.0,1185148800
AYT4FJYVCHYLE,0439136350,5.0,1185321600
A2XNOB1T796Y6B,0439136350,4.0,1185148800
A11B61QBGHLQDN,0439136350,5.0,1322870400
A39ABKRS1MKFTW,0439136350,4.0,1218758400
A28WJUJF6D2ULA,0439136350,5.0,1129852800
A3KF4IP2MUS8QQ,0439136350,5.0,1056153600
A2B1GZIRD6W646,0439136350,5.0,1063411200
A1MC6BFHWY6WC3,0439136350,5.0,1111017600
A2NHD7LUXVGTD3,0439136350,5.0,1024531200
AC1K4OQOZ90RS,0439136350,3.0,938995200
AMX0PJKV4PPNJ,0439136350,5.0,1185408000
A3H82LUT1EC655,0439136350,5.0,993945600
A30KEXFT9SILL6,0439136350,3.0,1185667200
A1DA6E4FNRSAWN,0439136350,4.0,1221609600
A3M174IC0VXOS2,0439136350,5.0,1076889600
A1G9FX1KV45N41,0439136350,5.0,1293494400
A2HVL790PBWYTU,0439136350,4.0,1185062400
A33I4RCFITFXG5,0439136350,5.0,1032307200
A3FHAMLNGHCFU7,0439136350,5.0,1246838400
A3A6GXILVT9JNW,0439136350,5.0,1120953600
ABMX8XUNPR3LP,0439136350,5.0,1300579200
AU7ND6NOCX9IA,0439136350,5.0,1184976000
A9LAPV8XNKZVZ,0439136350,3.0,1185235200
A2TUA4VWCMNXI,0439136350,5.0,1185926400
A2RPIGO3G4M6GN,0439136350,5.0,1186358400
A1ER5AYS3FQ9O3,0439136350,4.0,1184976000
A1LI7KZH6VHPAQ,0439136350,5.0,1276560000
A20XM6F911RIDE,0439136350,4.0,1360972800
A3LF914GG87TWP,0439136350,5.0,1185062400
A14BTJRH9VNLJJ,0439136350,5.0,1376956800
A2NJO6YE954DBH,0439136350,5.0,1185062400
A29NUB3P6YIWZG,0439136350,3.0,1264809600
A3NLJZI5NEOT0K,0439136350,5.0,1228608000
AOKGRSAS5VNS3,0439136350,4.0,1309824000
A2I6MHMAZZDCRX,0439136350,4.0,1185408000
A370Z6I5GBWU44,0439136350,4.0,1291248000
A3NIQK6ZLYEP1L,0439136350,4.0,1133827200
A14OJS0VWMOSWO,0439136350,5.0,1199836800
A2F3M93RRLFQNJ,0439136350,5.0,1006819200
A186ZAYP2L4CDZ,0439136350,5.0,1185494400
A126YLPKFPNQDS,0439136350,5.0,1185667200
A2O5RT4RCC4NU2,0439136350,5.0,1085788800
A37XGUQ1VH0XM6,0439136350,5.0,1187308800
A16QODENBJVUI1,0439136350,5.0,1254528000
AS6SH2JM2YY3H,0439136350,4.0,1185321600
A24ZMNWTW8AQUR,0439136350,5.0,1185062400
ANEDXRFDZDL18,0439136350,5.0,1210636800
AMLA0B6EHD4OS,0439136350,4.0,1185753600
AITIU2DG1MM4A,0439136350,5.0,1186272000
A1S3IN6CSTBPY6,0439136350,5.0,1198108800
A96K1ZGW56S2I,0439136350,5.0,1187913600
A1POFVVXUZR3IQ,0439136350,5.0,1186099200
A3A6GXILVT9JNW,0439139597,5.0,1124668800
A1S3IN6CSTBPY6,0439139597,4.0,1073088000
A3H82LUT1EC655,0439139597,5.0,993945600
A3R9X003XW0LNR,0439139597,5.0,963100800
A2S166WSCFIFP5,0439139597,5.0,1086480000
A9LAPV8XNKZVZ,0439139597,4.0,972172800
AXSH6O4OP5L4M,0439139597,3.0,1007769600
A11B61QBGHLQDN,0439139597,5.0,1324166400
A28WJUJF6D2ULA,0439139597,5.0,1152230400
A2NHD7LUXVGTD3,0439139597,5.0,1024704000
A1DA6E4FNRSAWN,0439139597,5.0,1170720000
A1G9FX1KV45N41,0439139597,5.0,1167091200
ABMX8XUNPR3LP,0439139597,5.0,1301097600
A3LF914GG87TWP,0439139597,5.0,1185062400
A14BTJRH9VNLJJ,0439139597,5.0,1379635200
A1MJMYLRTZ76ZX,0439139597,5.0,966211200
A2I6MHMAZZDCRX,0439139597,5.0,1180483200
A370Z6I5GBWU44,0439139597,5.0,1291248000
A2F3M93RRLFQNJ,0439139597,5.0,1008547200
AITIU2DG1MM4A,0439139597,5.0,964310400
A96K1ZGW56S2I,0439139597,5.0,1043712000
A1POFVVXUZR3IQ,0439139597,5.0,1186358400
A2S166WSCFIFP5,043920352X,4.0,1077667200
AXSH6O4OP5L4M,043920352X,5.0,969667200
A20EEWWSFMZ1PN,043920352X,5.0,1121731200
A2PWUIQG57O1AZ,043920352X,5.0,994636800
A11B61QBGHLQDN,043920352X,5.0,1317513600
A28WJUJF6D2ULA,043920352X,5.0,1129248000
A3KF4IP2MUS8QQ,043920352X,5.0,1055980800
A2B1GZIRD6W646,043920352X,4.0,1058832000
A1MC6BFHWY6WC3,043920352X,5.0,1106265600
A2NHD7LUXVGTD3,043920352X,5.0,1024272000
A1D2C0WDCSHUWZ,043920352X,2.0,973382400
AMX0PJKV4PPNJ,043920352X,5.0,1072742400
A3H82LUT1EC655,043920352X,5.0,993945600
A30KEXFT9SILL6,043920352X,5.0,978912000
A1DA6E4FNRSAWN,043920352X,4.0,1168905600
A1G9FX1KV45N41,043920352X,5.0,1104883200
A3FHAMLNGHCFU7,043920352X,5.0,1082246400
A3A6GXILVT9JNW,043920352X,5.0,1120608000
ABMX8XUNPR3LP,043920352X,5.0,1299628800
A2RPIGO3G4M6GN,043920352X,5.0,1185235200
A2AYSFGUP5VTY3,043920352X,3.0,1306713600
A3LF914GG87TWP,043920352X,5.0,1185062400
A14BTJRH9VNLJJ,043920352X,5.0,1378684800
AOKGRSAS5VNS3,043920352X,5.0,1309737600
A2I6MHMAZZDCRX,043920352X,4.0,1118275200
A370Z6I5GBWU44,043920352X,5.0,1287100800
A3QZCA4LTTVGAD,043920352X,5.0,974592000
A3NIQK6ZLYEP1L,043920352X,5.0,1090800000
A14OJS0VWMOSWO,043920352X,5.0,949881600
A2F3M93RRLFQNJ,043920352X,5.0,1005523200
A2O5RT4RCC4NU2,043920352X,5.0,1085184000
AX54G5AL870Q8,043920352X,4.0,1048550400
A16QODENBJVUI1,043920352X,5.0,1253318400
A126KX6FVI4T66,043920352X,4.0,997056000
A96K1ZGW56S2I,043920352X,4.0,989366400
A6HXFDIC7DVTC,043920352X,4.0,1304726400
A1POFVVXUZR3IQ,043920352X,5.0,1185753600
A3MV1KKHX51FYT,0439227143,2.0,1201046400
A1X8VZWTOG8IS6,0439227143,4.0,1188691200
A39650P2CZUUC9,0439227143,5.0,1239062400
A1S3C5OFU508P3,0439227143,5.0,1234742400
A1G37DFO8MQW0M,0439227143,5.0,1211241600
A3KF4IP2MUS8QQ,0439227143,5.0,1038614400
A1D2C0WDCSHUWZ,0439227143,5.0,972172800
ABMX8XUNPR3LP,0439227143,3.0,1262131200
A2O9HU1K7TCF7B,0439227143,5.0,1126396800
A3OJFPKMCXKOM0,0439227143,4.0,1216598400
A14BTJRH9VNLJJ,0439227143,5.0,1363046400
A25KKXUQQ0OLWB,0439227143,5.0,1246924800
A34UTL4AVX80MK,0439227143,5.0,1076457600
A13G1TKIKHGV3F,0439227143,3.0,1312329600
A3QZCA4LTTVGAD,0439227143,5.0,1037664000
A3T0OTH5072YRE,0439227143,5.0,1336953600
A3QVAKVRAH657N,0439227143,5.0,973123200
A2AIE9DO5QSVBD,0439227143,4.0,1330819200
A2S166WSCFIFP5,043935806X,5.0,1089676800
AXSH6O4OP5L4M,043935806X,5.0,1104624000
A2C27IQUH9N1Z,043935806X,5.0,1056412800
A2CR57GAJKNWVV,043935806X,5.0,1056326400
AYT4FJYVCHYLE,043935806X,5.0,1057536000
A1BI8PUEHA5CHW,043935806X,5.0,1059350400
A11B61QBGHLQDN,043935806X,5.0,1325030400
A28WJUJF6D2ULA,043935806X,5.0,1153612800
A3KF4IP2MUS8QQ,043935806X,5.0,1121558400
A2NHD7LUXVGTD3,043935806X,5.0,1059177600
A1DA6E4FNRSAWN,043935806X,2.0,1171152000
A1G9FX1KV45N41,043935806X,5.0,1170720000
A3FHAMLNGHCFU7,043935806X,5.0,1228867200
ABMX8XUNPR3LP,043935806X,5.0,1301788800
A9LAPV8XNKZVZ,043935806X,4.0,1064707200
A2RPIGO3G4M6GN,043935806X,2.0,1188864000
A3LF914GG87TWP,043935806X,4.0,1185062400
A2NJO6YE954DBH,043935806X,5.0,1056412800
A29NUB3P6YIWZG,043935806X,5.0,1105142400
A1M4NJYP0WNL8Q,043935806X,4.0,1069718400
A2I6MHMAZZDCRX,043935806X,4.0,1182297600
A370Z6I5GBWU44,043935806X,5.0,1292889600
A3QZCA4LTTVGAD,043935806X,5.0,1058054400
A14OJS0VWMOSWO,043935806X,5.0,1069027200
A2O5RT4RCC4NU2,043935806X,5.0,1086739200
A37XGUQ1VH0XM6,043935806X,5.0,1066089600
A4FX5YCJA630V,043935806X,5.0,1056240000
ANEDXRFDZDL18,043935806X,5.0,1067990400
A1S3IN6CSTBPY6,043935806X,4.0,1094774400
A96K1ZGW56S2I,043935806X,3.0,1106611200
A1POFVVXUZR3IQ,043935806X,5.0,1187222400
A1I2O9Y3X3HXLS,0441008534,5.0,1164412800
A2C27IQUH9N1Z,0441008534,5.0,1323993600
A1X8VZWTOG8IS6,0441008534,3.0,1204588800
A2CR57GAJKNWVV,0441008534,5.0,1056931200
AISUSPFYY68RO,0441008534,4.0,1280534400
AYT4FJYVCHYLE,0441008534,3.0,1084665600
A1T17LMQABMBN5,0441008534,4.0,1092355200
A3R9X003XW0LNR,0441008534,5.0,1360540800
A2BZCHIDR5FTYA,0441008534,5.0,1061942400
A2NHD7LUXVGTD3,0441008534,4.0,1279756800
A1D2C0WDCSHUWZ,0441008534,4.0,1249344000
AFVQZQ8PW0L,0441008534,5.0,988502400
A1RECBDKHVOJMW,0441008534,5.0,1104796800
A1CNQTCRQ35IMM,0441008534,4.0,1247702400
A3A6GXILVT9JNW,0441008534,5.0,1277596800
ABMX8XUNPR3LP,0441008534,4.0,1257724800
ABUY5XK1R4YYZ,0441008534,4.0,1303862400
A11L3YX5WIDKJ,0441008534,4.0,1373760000
A25KKXUQQ0OLWB,0441008534,5.0,1227225600
A1M4NJYP0WNL8Q,0441008534,5.0,994723200
A3NIQK6ZLYEP1L,0441008534,5.0,1067299200
A3T0OTH5072YRE,0441008534,2.0,1287014400
A186ZAYP2L4CDZ,0441008534,4.0,1234656000
AN8C7BGR98HLN,0441008534,5.0,1232150400
AQ6AGWKWMTY8H,0441008534,3.0,1338508800
A16QODENBJVUI1,0441008534,5.0,1220572800
A36TDC5SGAN0EP,0441008534,4.0,1248825600
A19GJX6TTSK0C0,0441008534,4.0,1368403200
AQQLWCMRNDFGI,0441008534,4.0,1269475200
A1D5RCOILPC9LX,0441008534,5.0,1250553600
A1POFVVXUZR3IQ,0441008534,4.0,1244246400
A1I2O9Y3X3HXLS,0441009239,5.0,1177372800
A2C27IQUH9N1Z,0441009239,5.0,1325376000
A1X8VZWTOG8IS6,0441009239,3.0,1204588800
A2CR57GAJKNWVV,0441009239,5.0,1057363200
AYT4FJYVCHYLE,0441009239,4.0,1092787200
A1T17LMQABMBN5,0441009239,4.0,1093737600
A2BZCHIDR5FTYA,0441009239,4.0,1064102400
A2NHD7LUXVGTD3,0441009239,3.0,1280448000
AFVQZQ8PW0L,0441009239,5.0,1017878400
A1RECBDKHVOJMW,0441009239,4.0,1106611200
A3A6GXILVT9JNW,0441009239,5.0,1278374400
ABMX8XUNPR3LP,0441009239,4.0,1259452800
ABUY5XK1R4YYZ,0441009239,4.0,1303862400
A11L3YX5WIDKJ,0441009239,4.0,1373760000
A25KKXUQQ0OLWB,0441009239,5.0,1227571200
A1M4NJYP0WNL8Q,0441009239,4.0,1024012800
A3NIQK6ZLYEP1L,0441009239,5.0,1190073600
A186ZAYP2L4CDZ,0441009239,4.0,1245024000
A16QODENBJVUI1,0441009239,5.0,1221609600
A36TDC5SGAN0EP,0441009239,4.0,1265587200
AQQLWCMRNDFGI,0441009239,4.0,1270857600
A1D5RCOILPC9LX,0441009239,5.0,1250640000
A1POFVVXUZR3IQ,0441009239,4.0,1244246400
A3H8NJ5PJNLFD5,0441010512,4.0,1111795200
A1I2O9Y3X3HXLS,0441010512,5.0,1180828800
A2C27IQUH9N1Z,0441010512,5.0,1325376000
A1X8VZWTOG8IS6,0441010512,3.0,1204588800
A2CR57GAJKNWVV,0441010512,5.0,1061942400
AYT4FJYVCHYLE,0441010512,3.0,1107648000
A1T17LMQABMBN5,0441010512,4.0,1095552000
A2BZCHIDR5FTYA,0441010512,5.0,1064102400
AFVQZQ8PW0L,0441010512,5.0,1052265600
A1RECBDKHVOJMW,0441010512,5.0,1114819200
A3A6GXILVT9JNW,0441010512,4.0,1278374400
ABMX8XUNPR3LP,0441010512,5.0,1260835200
ABUY5XK1R4YYZ,0441010512,5.0,1303862400
A2RPIGO3G4M6GN,0441010512,2.0,1287014400
A11L3YX5WIDKJ,0441010512,5.0,1373760000
A25KKXUQQ0OLWB,0441010512,5.0,1227657600
A1M4NJYP0WNL8Q,0441010512,4.0,1075075200
A3NIQK6ZLYEP1L,0441010512,4.0,1228608000
A186ZAYP2L4CDZ,0441010512,4.0,1256342400
A3U29LBT749HJ0,0441010512,4.0,1108944000
A16QODENBJVUI1,0441010512,5.0,1221868800
AQQLWCMRNDFGI,0441010512,4.0,1271462400
A1D5RCOILPC9LX,0441010512,5.0,1250812800
A1POFVVXUZR3IQ,0441010512,5.0,1244246400
A1I2O9Y3X3HXLS,0441010652,4.0,1053993600
A1X8VZWTOG8IS6,0441010652,4.0,1188086400
A1T17LMQABMBN5,0441010652,2.0,1110153600
A3KF4IP2MUS8QQ,0441010652,5.0,1097452800
A1D2C0WDCSHUWZ,0441010652,4.0,1197158400
AFVQZQ8PW0L,0441010652,5.0,1055116800
A3GKPMHV4U64IY,0441010652,4.0,1054166400
A22B13EJTZKCTM,0441010652,4.0,1213574400
A3ICDLUQ3V2QY2,0441010652,4.0,1088812800
A81S2CYRRJGHI,0441010652,5.0,1361232000
A1M4NJYP0WNL8Q,0441010652,4.0,1084752000
A14OJS0VWMOSWO,0441010652,5.0,1060473600
A126YLPKFPNQDS,0441010652,3.0,1081814400
A2AIE9DO5QSVBD,0441010652,5.0,1322092800
A1ARJBC8VD5P8P,0441010652,4.0,1060214400
A24ZMNWTW8AQUR,0441010652,5.0,1160438400
A36TDC5SGAN0EP,0441010652,4.0,1265587200
A2JP0URFHXP6DO,0441010652,4.0,1106611200
A3H8NJ5PJNLFD5,0441011675,5.0,1112140800
A1I2O9Y3X3HXLS,0441011675,5.0,1181260800
A2C27IQUH9N1Z,0441011675,5.0,1325548800
A2CR57GAJKNWVV,0441011675,5.0,1088985600
AYT4FJYVCHYLE,0441011675,4.0,1118707200
A1T17LMQABMBN5,0441011675,5.0,1096761600
A2BZCHIDR5FTYA,0441011675,4.0,1084752000
AFVQZQ8PW0L,0441011675,5.0,1083715200
A1RECBDKHVOJMW,0441011675,5.0,1114905600
A3A6GXILVT9JNW,0441011675,5.0,1284940800
ABMX8XUNPR3LP,0441011675,4.0,1262476800
ABUY5XK1R4YYZ,0441011675,5.0,1304035200
A11L3YX5WIDKJ,0441011675,5.0,1373760000
A2SI6BNK5SWSMD,0441011675,4.0,1113004800
A25KKXUQQ0OLWB,0441011675,4.0,1235260800
A1M4NJYP0WNL8Q,0441011675,5.0,1092355200
A3NIQK6ZLYEP1L,0441011675,5.0,1229212800
A186ZAYP2L4CDZ,0441011675,4.0,1263427200
A3U29LBT749HJ0,0441011675,5.0,1151107200
AQQLWCMRNDFGI,0441011675,4.0,1271980800
A1D5RCOILPC9LX,0441011675,5.0,1250812800
A1POFVVXUZR3IQ,0441011675,5.0,1244246400
A3H8NJ5PJNLFD5,0441012795,4.0,1118016000
A1I2O9Y3X3HXLS,0441012795,5.0,1181606400
A2C27IQUH9N1Z,0441012795,5.0,1325635200
A1X8VZWTOG8IS6,0441012795,3.0,1190592000
A2CR57GAJKNWVV,0441012795,4.0,1117756800
AYT4FJYVCHYLE,0441012795,4.0,1129852800
A1T17LMQABMBN5,0441012795,5.0,1115424000
A2BZCHIDR5FTYA,0441012795,4.0,1116806400
AFVQZQ8PW0L,0441012795,5.0,1115164800
A1CTXKA2C7BSC8,0441012795,5.0,1160524800
A1RECBDKHVOJMW,0441012795,4.0,1115596800
A3A6GXILVT9JNW,0441012795,5.0,1285113600
ABMX8XUNPR3LP,0441012795,5.0,1262476800
ABUY5XK1R4YYZ,0441012795,4.0,1304035200
A11L3YX5WIDKJ,0441012795,4.0,1373760000
A2SI6BNK5SWSMD,0441012795,3.0,1115337600
A25KKXUQQ0OLWB,0441012795,3.0,1245888000
A81S2CYRRJGHI,0441012795,4.0,1328659200
A1M4NJYP0WNL8Q,0441012795,4.0,1123632000
A3NIQK6ZLYEP1L,0441012795,4.0,1230508800
A186ZAYP2L4CDZ,0441012795,3.0,1299456000
A3U29LBT749HJ0,0441012795,5.0,1172275200
A126YLPKFPNQDS,0441012795,5.0,1117843200
AQQLWCMRNDFGI,0441012795,4.0,1273363200
A2JP0URFHXP6DO,0441012795,5.0,1115683200
A1D5RCOILPC9LX,0441012795,5.0,1250812800
A1POFVVXUZR3IQ,0441012795,4.0,1244246400
A1I2O9Y3X3HXLS,0441013813,5.0,1392940800
A1X8VZWTOG8IS6,0441013813,4.0,1186185600
A2CR57GAJKNWVV,0441013813,5.0,1154304000
AFVQZQ8PW0L,0441013813,5.0,1139356800
A1CTXKA2C7BSC8,0441013813,5.0,1160870400
A1CNQTCRQ35IMM,0441013813,2.0,1332374400
ABMX8XUNPR3LP,0441013813,4.0,1331769600
ABUY5XK1R4YYZ,0441013813,4.0,1298678400
A1KYJA5YM1479G,0441013813,5.0,1361664000
A22B13EJTZKCTM,0441013813,3.0,1214352000
A3ICDLUQ3V2QY2,0441013813,2.0,1183593600
A1M4NJYP0WNL8Q,0441013813,5.0,1146614400
A3NIQK6ZLYEP1L,0441013813,5.0,1209945600
A3A7FF87LEVCQ1,0441013813,4.0,1394928000
A126YLPKFPNQDS,0441013813,5.0,1139184000
A17U562HOY2OQV,0441013813,4.0,1201046400
A1K4S4MWXI9E9M,0441013813,4.0,1352505600
A1D5RCOILPC9LX,0441013813,5.0,1261958400
A1I2O9Y3X3HXLS,0441014003,5.0,1181865600
A2C27IQUH9N1Z,0441014003,4.0,1325721600
A2CR57GAJKNWVV,0441014003,5.0,1150070400
AYT4FJYVCHYLE,0441014003,4.0,1153180800
A1T17LMQABMBN5,0441014003,3.0,1146614400
A1HA6KZZNDCME9,0441014003,4.0,1147132800
A2BZCHIDR5FTYA,0441014003,4.0,1147996800
AFVQZQ8PW0L,0441014003,5.0,1146614400
A1CTXKA2C7BSC8,0441014003,5.0,1177718400
A3A6GXILVT9JNW,0441014003,5.0,1285200000
ABMX8XUNPR3LP,0441014003,5.0,1262476800
ABUY5XK1R4YYZ,0441014003,4.0,1304553600
A11L3YX5WIDKJ,0441014003,4.0,1373760000
A3LF914GG87TWP,0441014003,5.0,1165708800
A2SI6BNK5SWSMD,0441014003,4.0,1150934400
A25KKXUQQ0OLWB,0441014003,3.0,1246406400
A1M4NJYP0WNL8Q,0441014003,5.0,1157932800
A3NIQK6ZLYEP1L,0441014003,4.0,1234051200
A186ZAYP2L4CDZ,0441014003,4.0,1313280000
A126YLPKFPNQDS,0441014003,5.0,1148860800
A16QODENBJVUI1,0441014003,5.0,1223856000
AQQLWCMRNDFGI,0441014003,4.0,1273795200
A1D5RCOILPC9LX,0441014003,5.0,1251072000
A1POFVVXUZR3IQ,0441014003,5.0,1244246400
A2S166WSCFIFP5,0441014100,5.0,891734400
A1RAUVCWYHTQI4,0441014100,4.0,909273600
A1I2O9Y3X3HXLS,0441014100,5.0,1238371200
A2VMT89TCSF105,0441014100,3.0,1226880000
A20EEWWSFMZ1PN,0441014100,5.0,1224892800
A1X8VZWTOG8IS6,0441014100,3.0,1196899200
A1S3C5OFU508P3,0441014100,5.0,1258243200
A3KF4IP2MUS8QQ,0441014100,5.0,1037059200
A1K1JW1C5CUSUZ,0441014100,3.0,998092800
A2B9Y0WXNSN17U,0441014100,3.0,1153872000
A2TXR85WQLE32N,0441014100,5.0,1318723200
AQZH7YTWQPOBE,0441014100,5.0,1385769600
A3A6GXILVT9JNW,0441014100,4.0,1151712000
A1IU7S4HCK1XK0,0441014100,5.0,1026691200
A1MJMYLRTZ76ZX,0441014100,5.0,966038400
A370Z6I5GBWU44,0441014100,5.0,1241827200
A3QZCA4LTTVGAD,0441014100,5.0,1012694400
A2GBJQ9THOYDAJ,0441014100,4.0,1370304000
A2F3M93RRLFQNJ,0441014100,4.0,1024531200
AS6SH2JM2YY3H,0441014100,5.0,1215388800
A96K1ZGW56S2I,0441014100,5.0,1158451200
A3H8NJ5PJNLFD5,0441014941,5.0,1177977600
A1I2O9Y3X3HXLS,0441014941,5.0,1182124800
A2C27IQUH9N1Z,0441014941,5.0,1326240000
AYT4FJYVCHYLE,0441014941,4.0,1181174400
A1T17LMQABMBN5,0441014941,4.0,1178928000
A1HA6KZZNDCME9,0441014941,4.0,1183593600
A2BZCHIDR5FTYA,0441014941,4.0,1179100800
A3BFDEBT5IV4UN,0441014941,3.0,1178668800
AFVQZQ8PW0L,0441014941,5.0,1178064000
A1CTXKA2C7BSC8,0441014941,4.0,1196035200
A3A6GXILVT9JNW,0441014941,5.0,1286409600
ABMX8XUNPR3LP,0441014941,5.0,1262476800
ABUY5XK1R4YYZ,0441014941,5.0,1304553600
A11L3YX5WIDKJ,0441014941,4.0,1373760000
A3LF914GG87TWP,0441014941,5.0,1198022400
A2SI6BNK5SWSMD,0441014941,5.0,1183939200
A25KKXUQQ0OLWB,0441014941,4.0,1252713600
A3NIQK6ZLYEP1L,0441014941,4.0,1241395200
A186ZAYP2L4CDZ,0441014941,4.0,1335484800
A126YLPKFPNQDS,0441014941,5.0,1184284800
A17U562HOY2OQV,0441014941,5.0,1207180800
A16QODENBJVUI1,0441014941,5.0,1224028800
A24ZMNWTW8AQUR,0441014941,5.0,1180569600
AQQLWCMRNDFGI,0441014941,4.0,1275091200
A1D5RCOILPC9LX,0441014941,5.0,1251072000
A1POFVVXUZR3IQ,0441014941,4.0,1244246400
A1I2O9Y3X3HXLS,0441015891,5.0,1217980800
A2C27IQUH9N1Z,0441015891,5.0,1326758400
A2CR57GAJKNWVV,0441015891,5.0,1212192000
AYT4FJYVCHYLE,0441015891,3.0,1216771200
A1T17LMQABMBN5,0441015891,3.0,1210896000
A2BZCHIDR5FTYA,0441015891,4.0,1211328000
A2NHD7LUXVGTD3,0441015891,2.0,1290556800
AFVQZQ8PW0L,0441015891,5.0,1210032000
A33I4RCFITFXG5,0441015891,4.0,1213920000
A1RECBDKHVOJMW,0441015891,3.0,1248739200
A3A6GXILVT9JNW,0441015891,4.0,1296259200
ABMX8XUNPR3LP,0441015891,5.0,1263686400
ABUY5XK1R4YYZ,0441015891,4.0,1304553600
A22B13EJTZKCTM,0441015891,4.0,1225756800
A11L3YX5WIDKJ,0441015891,5.0,1373760000
A1DW5IH6QCOFQ7,0441015891,4.0,1211414400
A3NIQK6ZLYEP1L,0441015891,4.0,1242000000
A186ZAYP2L4CDZ,0441015891,4.0,1360886400
AN8C7BGR98HLN,0441015891,5.0,1231286400
A126YLPKFPNQDS,0441015891,4.0,1214524800
A17U562HOY2OQV,0441015891,4.0,1239148800
A16QODENBJVUI1,0441015891,5.0,1225324800
AQQLWCMRNDFGI,0441015891,3.0,1276732800
A1D5RCOILPC9LX,0441015891,5.0,1251072000
A1I2O9Y3X3HXLS,0441017150,4.0,1248652800
A2C27IQUH9N1Z,0441017150,4.0,1327104000
A2CR57GAJKNWVV,0441017150,2.0,1248393600
AYT4FJYVCHYLE,0441017150,2.0,1247356800
A1T17LMQABMBN5,0441017150,4.0,1241827200
A2NHD7LUXVGTD3,0441017150,3.0,1290556800
A1D2C0WDCSHUWZ,0441017150,4.0,1241568000
AFVQZQ8PW0L,0441017150,5.0,1241654400
A3A6GXILVT9JNW,0441017150,3.0,1296691200
ABMX8XUNPR3LP,0441017150,5.0,1264118400
ABUY5XK1R4YYZ,0441017150,5.0,1304553600
A22B13EJTZKCTM,0441017150,2.0,1250035200
A11L3YX5WIDKJ,0441017150,5.0,1373760000
A2SI6BNK5SWSMD,0441017150,4.0,1243987200
A3NIQK6ZLYEP1L,0441017150,4.0,1242518400
A186ZAYP2L4CDZ,0441017150,4.0,1362009600
A126YLPKFPNQDS,0441017150,3.0,1243036800
A17U562HOY2OQV,0441017150,5.0,1271203200
A16QODENBJVUI1,0441017150,5.0,1243728000
AQQLWCMRNDFGI,0441017150,4.0,1277510400
A3TAF7M58DN46F,0441017150,4.0,1374364800
A1D5RCOILPC9LX,0441017150,5.0,1251072000
A1I2O9Y3X3HXLS,0441018645,5.0,1282089600
A2C27IQUH9N1Z,0441018645,5.0,1327276800
A2CR57GAJKNWVV,0441018645,5.0,1280016000
A1T17LMQABMBN5,0441018645,1.0,1277164800
A1D2C0WDCSHUWZ,0441018645,3.0,1272931200
AFVQZQ8PW0L,0441018645,5.0,1273190400
A3A6GXILVT9JNW,0441018645,4.0,1297036800
ABMX8XUNPR3LP,0441018645,3.0,1279065600
ABUY5XK1R4YYZ,0441018645,4.0,1304553600
A2TSTJP0B3A3H5,0441018645,4.0,1276214400
A22B13EJTZKCTM,0441018645,3.0,1275955200
A11L3YX5WIDKJ,0441018645,5.0,1373760000
A13QTZ8CIMHHG4,0441018645,5.0,1277164800
A2SI6BNK5SWSMD,0441018645,4.0,1275264000
A1DW5IH6QCOFQ7,0441018645,4.0,1273536000
A186ZAYP2L4CDZ,0441018645,4.0,1380412800
A126YLPKFPNQDS,0441018645,3.0,1276473600
A17U562HOY2OQV,0441018645,3.0,1303257600
AQQLWCMRNDFGI,0441018645,3.0,1278115200
A1K4S4MWXI9E9M,0441018645,5.0,1333756800
A1D5RCOILPC9LX,0441018645,4.0,1274054400
A1X8VZWTOG8IS6,0446386898,5.0,1188691200
A1OB5L3WMHJAD9,0446386898,3.0,1142294400
A2B9Y0WXNSN17U,0446386898,4.0,1050019200
A1GARI2JT6EAWA,0446386898,2.0,1240272000
A9LAPV8XNKZVZ,0446386898,4.0,1238025600
AUEY946M1L939,0446386898,5.0,1378598400
A2AYSFGUP5VTY3,0446386898,5.0,1307232000
A30TK6U7DNS82R,0446386898,4.0,1215993600
A3ICDLUQ3V2QY2,0446386898,3.0,1084752000
A2NJO6YE954DBH,0446386898,5.0,970876800
A25KKXUQQ0OLWB,0446386898,2.0,1370563200
A3QZCA4LTTVGAD,0446386898,5.0,1030320000
A2GBJQ9THOYDAJ,0446386898,5.0,1188691200
A2F3M93RRLFQNJ,0446386898,5.0,1217116800
A3U29LBT749HJ0,0446386898,5.0,1194048000
AJKWF4W7QD4NS,0446386898,5.0,1044316800
A16QODENBJVUI1,0446386898,5.0,1122163200
A96K1ZGW56S2I,0446386898,4.0,1075248000
AUTBHG6070SL4,0446386898,3.0,1213228800
A14R9XMZVJ6INB,0446402389,4.0,1213833600
A21NVBFIEQWDSG,0446402389,5.0,1213747200
A1RAUVCWYHTQI4,0446402389,4.0,1209427200
A2F6N60Z96CAJI,0446402389,5.0,1212019200
AYT4FJYVCHYLE,0446402389,5.0,1213315200
A27R2V3WLS43LP,0446402389,5.0,1227398400
A11B61QBGHLQDN,0446402389,5.0,1290124800
AC1K4OQOZ90RS,0446402389,5.0,1209859200
A3PGGI7A6XCNF1,0446402389,5.0,1214265600
AKB2PYODH0TKS,0446402389,3.0,1212278400
AFVQZQ8PW0L,0446402389,5.0,1209772800
A1DYMH30TSRONY,0446402389,4.0,1209686400
A3DIGM3KB4E11V,0446402389,5.0,1212710400
A9LAPV8XNKZVZ,0446402389,4.0,1221782400
A2DSXA1E02C86D,0446402389,4.0,1315353600
A2E3GFHUDNPYDH,0446402389,3.0,1249430400
A3VMCKYN22X0CO,0446402389,4.0,1210896000
A2MF2QVSCUI27G,0446402389,5.0,1208822400
A319KYEIAZ3SON,0446402389,5.0,1208390400
A2F3M93RRLFQNJ,0446402389,5.0,1332201600
A232HUAELH5J6V,0446402389,3.0,1313798400
A2UIXU97JYCPZG,0446402389,4.0,1221955200
A1RMHZSWZ7ZEQO,0446402389,5.0,1233964800
A1F3DFRPGVEUI8,0446402389,5.0,1390003200
A1N1YEMTI9DJ86,0446402389,5.0,1333152000
A1XRQ6YJ7HXQFQ,0446402389,5.0,1215043200
A1D5RCOILPC9LX,0446402389,5.0,1255910400
A21NVBFIEQWDSG,044650534X,5.0,1214524800
A1RAUVCWYHTQI4,044650534X,5.0,1224892800
A2F6N60Z96CAJI,044650534X,5.0,1215734400
AYT4FJYVCHYLE,044650534X,5.0,1217808000
A27R2V3WLS43LP,044650534X,4.0,1229731200
A24H4WUFUDPTAA,044650534X,5.0,1213056000
A36K2N527TXXJN,044650534X,5.0,1305331200
AC1K4OQOZ90RS,044650534X,4.0,1215907200
A30KEXFT9SILL6,044650534X,3.0,1258848000
AFVQZQ8PW0L,044650534X,5.0,1213142400
A1DYMH30TSRONY,044650534X,3.0,1263081600
ANH8VL45X2L1S,044650534X,4.0,1213747200
A3NLJZI5NEOT0K,044650534X,3.0,1258761600
A3IJHV3XZZEED5,044650534X,4.0,1278892800
A14OJS0VWMOSWO,044650534X,5.0,1215820800
A3Z9QN0RCOHEY,044650534X,4.0,1261872000
A1F3DFRPGVEUI8,044650534X,3.0,1231200000
A1D5RCOILPC9LX,044650534X,5.0,1251936000
A2S166WSCFIFP5,0446532681,5.0,1120953600
A21NVBFIEQWDSG,0446532681,4.0,1158883200
A2ICKSJ6T7WIBO,0446532681,4.0,1120780800
A1MR1VMK999I6O,0446532681,5.0,1096675200
A2HM0BZWQRV1EF,0446532681,5.0,1108512000
A2F6N60Z96CAJI,0446532681,5.0,1097798400
A3SOV9HFM5H9T1,0446532681,4.0,1099440000
A28WJUJF6D2ULA,0446532681,4.0,1192579200
A1K1JW1C5CUSUZ,0446532681,3.0,1107043200
A2B9Y0WXNSN17U,0446532681,5.0,1103155200
A1GARI2JT6EAWA,0446532681,5.0,1172793600
A9I40WFF40R4,0446532681,5.0,1096416000
A680RUE1FDO8B,0446532681,1.0,1099008000
A18OBUSMXVE8R0,0446532681,5.0,1110931200
AU7ND6NOCX9IA,0446532681,5.0,1098489600
A1ER5AYS3FQ9O3,0446532681,5.0,1112659200
A29NUB3P6YIWZG,0446532681,5.0,1102982400
A16QODENBJVUI1,0446532681,5.0,1122163200
A2Z4KA3EFQWZOX,0446532681,5.0,1104278400
A2JP0URFHXP6DO,0446532681,5.0,1097712000
AITIU2DG1MM4A,0446532681,4.0,1097971200
A2F6N60Z96CAJI,0446563072,5.0,1275868800
A35YAEKTV8E88X,0446563072,5.0,1278201600
A25HWUX0L2DCFM,0446563072,3.0,1352246400
A2ZY49IDE6TY5I,0446563072,5.0,1342396800
A2B1GZIRD6W646,0446563072,4.0,1334620800
A1X4L7AO1BXMHK,0446563072,5.0,1269216000
A1D2C0WDCSHUWZ,0446563072,3.0,1267920000
AFVQZQ8PW0L,0446563072,4.0,1267747200
A3A6GXILVT9JNW,0446563072,4.0,1356048000
A2TSTJP0B3A3H5,0446563072,2.0,1269648000
A22B13EJTZKCTM,0446563072,4.0,1276732800
A14BTJRH9VNLJJ,0446563072,4.0,1370304000
A1L43KWWR05PCS,0446563072,5.0,1335139200
AX9C10JD538D9,0446563072,3.0,1278374400
A3U29LBT749HJ0,0446563072,4.0,1334361600
A17U562HOY2OQV,0446563072,4.0,1280275200
A96K1ZGW56S2I,0446563072,5.0,1270684800
A55MRYPUAX4QU,0446579807,5.0,1236729600
A1MR1VMK999I6O,0446579807,5.0,1183161600
A1BI8PUEHA5CHW,0446579807,4.0,1189641600
A2E3F04ZK7FG66,0446579807,4.0,1179446400
ABN5K7K1TM1QA,0446579807,3.0,1208736000
AWFMGDUUGNGYW,0446579807,4.0,1348012800
A1CHM200OEN65X,0446579807,3.0,1203120000
A3RFXU3P0XKKF4,0446579807,5.0,1180137600
A1XIDKCJ7SOVXP,0446579807,5.0,1323993600
A1LKSZ9CYJ6829,0446579807,4.0,1179964800
A2TUA4VWCMNXI,0446579807,5.0,1181088000
AKT8TGIT6VVZ5,0446579807,5.0,1189555200
AUEY946M1L939,0446579807,3.0,1206748800
A2AYSFGUP5VTY3,0446579807,1.0,1307836800
A2E3GFHUDNPYDH,0446579807,4.0,1181260800
A22RY8N8CNDF3A,0446579807,5.0,1180915200
A12A08OL0TZY0W,0446579807,5.0,1249171200
AHD101501WCN1,0446579807,3.0,1178496000
AJDYDG7YZY9QL,0446579807,4.0,1185148800
A2OJW07GQRNJUT,0446579807,4.0,1364428800
A1S60W4KWFX1Y9,0446579807,4.0,1196121600
A3H8NJ5PJNLFD5,0446616419,5.0,1135555200
A21NVBFIEQWDSG,0446616419,4.0,1132185600
A2XNOB1T796Y6B,0446616419,5.0,1359244800
A1T17LMQABMBN5,0446616419,4.0,1131062400
A1HA6KZZNDCME9,0446616419,4.0,1135209600
AFVQZQ8PW0L,0446616419,4.0,1130198400
A1CTXKA2C7BSC8,0446616419,5.0,1154304000
ABUY5XK1R4YYZ,0446616419,5.0,1291420800
A3GKPMHV4U64IY,0446616419,4.0,1131408000
A1KYJA5YM1479G,0446616419,5.0,1371513600
A4SKIA2A7IDRX,0446616419,5.0,1337644800
A22B13EJTZKCTM,0446616419,3.0,1235433600
AX9C10JD538D9,0446616419,4.0,1238803200
A2GBJQ9THOYDAJ,0446616419,4.0,1204675200
A3U29LBT749HJ0,0446616419,5.0,1133308800
A126YLPKFPNQDS,0446616419,5.0,1136073600
A17U562HOY2OQV,0446616419,4.0,1211587200
ANEDXRFDZDL18,0446616419,3.0,1268092800
ADEVBXUS0RSIR,0451185455,4.0,1297987200
A1RAUVCWYHTQI4,0451185455,5.0,1288569600
A2H44WVZS59KKT,0451185455,5.0,1298764800
A2B1GZIRD6W646,0451185455,5.0,1301097600
A3PGGI7A6XCNF1,0451185455,5.0,1296172800
A3OJFPKMCXKOM0,0451185455,4.0,1264896000
A1L43KWWR05PCS,0451185455,5.0,1311811200
A3NIQK6ZLYEP1L,0451185455,5.0,1152144000
A14OJS0VWMOSWO,0451185455,5.0,1045094400
A3T0OTH5072YRE,0451185455,4.0,1325462400
AQ6AGWKWMTY8H,0451185455,4.0,1297987200
A2AIE9DO5QSVBD,0451185455,5.0,1296864000
A16QODENBJVUI1,0451185455,5.0,889660800
AS6SH2JM2YY3H,0451185455,4.0,1298160000
A1F3DFRPGVEUI8,0451185455,5.0,1300665600
AFVZXHIUSXINA,0451185455,5.0,1357862400
A1S3IN6CSTBPY6,0451185455,5.0,1310860800
A96K1ZGW56S2I,0451185455,5.0,1332374400
A2H44WVZS59KKT,045121577X,3.0,1298851200
A2PWUIQG57O1AZ,045121577X,4.0,1134691200
A2F6N60Z96CAJI,045121577X,5.0,1114819200
A11B61QBGHLQDN,045121577X,4.0,1153180800
AC1K4OQOZ90RS,045121577X,4.0,1114646400
A1CHM200OEN65X,045121577X,5.0,1119139200
AFVQZQ8PW0L,045121577X,4.0,1114560000
AIO247KHD2O40,045121577X,5.0,1117152000
A680RUE1FDO8B,045121577X,5.0,1115942400
AU7ND6NOCX9IA,045121577X,5.0,1152403200
A2RPIGO3G4M6GN,045121577X,2.0,1165881600
A2F6SZLKG0TOJ7,045121577X,3.0,1120608000
A3VMCKYN22X0CO,045121577X,4.0,1115424000
A29NUB3P6YIWZG,045121577X,4.0,1229299200
A3NLJZI5NEOT0K,045121577X,3.0,1352332800
A2SI6BNK5SWSMD,045121577X,5.0,1114560000
A2F3M93RRLFQNJ,045121577X,5.0,1217116800
A3U29LBT749HJ0,045121577X,5.0,1116028800
A1RMHZSWZ7ZEQO,045121577X,5.0,1116547200
A3R19YKNL641X3,045121577X,5.0,1123459200
A2S166WSCFIFP5,0451216954,4.0,1248912000
A3H8NJ5PJNLFD5,0451216954,3.0,1128902400
A1X8VZWTOG8IS6,0451216954,3.0,1188518400
A5JZNVV4TEAWU,0451216954,4.0,1286064000
A25HWUX0L2DCFM,0451216954,5.0,1315612800
A2QZVW56O4WSBT,0451216954,4.0,1337558400
A1HA6KZZNDCME9,0451216954,5.0,1140739200
AFVQZQ8PW0L,0451216954,5.0,1126051200
A1CTXKA2C7BSC8,0451216954,5.0,1168041600
A1CNQTCRQ35IMM,0451216954,5.0,1199836800
ABMX8XUNPR3LP,0451216954,5.0,1298505600
ABUY5XK1R4YYZ,0451216954,5.0,1300838400
A1KYJA5YM1479G,0451216954,5.0,1360022400
A22B13EJTZKCTM,0451216954,4.0,1292803200
AN0XWUHSHRUG6,0451216954,5.0,1138320000
A320TMDV6KCFU,0451216954,5.0,1127865600
A3A7FF87LEVCQ1,0451216954,4.0,1400025600
A126YLPKFPNQDS,0451216954,5.0,1160179200
A17U562HOY2OQV,0451216954,4.0,1240444800
ANEDXRFDZDL18,0451216954,3.0,1131840000
A3MT311233OHMQ,0451216954,4.0,1335830400
A1K4S4MWXI9E9M,0451216954,5.0,1365638400
A2E9HDZXQORZLA,0451216954,5.0,1303689600
A1JKGTL51HHTU1,0451216954,5.0,1330905600
A19UT0OPQCDR8,0451218043,5.0,1374192000
A5JZNVV4TEAWU,0451218043,4.0,1286064000
A25HWUX0L2DCFM,0451218043,5.0,1315699200
A2QZVW56O4WSBT,0451218043,4.0,1348272000
A1HA6KZZNDCME9,0451218043,5.0,1141689600
AFVQZQ8PW0L,0451218043,5.0,1141776000
A1CTXKA2C7BSC8,0451218043,5.0,1164240000
A1CNQTCRQ35IMM,0451218043,3.0,1217808000
ABMX8XUNPR3LP,0451218043,4.0,1326844800
ABUY5XK1R4YYZ,0451218043,5.0,1300924800
A1KYJA5YM1479G,0451218043,4.0,1360368000
A22B13EJTZKCTM,0451218043,4.0,1295913600
AN0XWUHSHRUG6,0451218043,5.0,1145750400
A320TMDV6KCFU,0451218043,5.0,1204243200
A3B48AN8JID1JK,0451218043,5.0,1350518400
A126YLPKFPNQDS,0451218043,5.0,1148860800
A17U562HOY2OQV,0451218043,5.0,1241308800
ANEDXRFDZDL18,0451218043,2.0,1150848000
A3MT311233OHMQ,0451218043,4.0,1335830400
A1K4S4MWXI9E9M,0451218043,5.0,1365724800
A2E9HDZXQORZLA,0451218043,4.0,1303862400
A1JKGTL51HHTU1,0451218043,5.0,1331164800
A2F6N60Z96CAJI,0451219244,5.0,1147996800
A11B61QBGHLQDN,0451219244,5.0,1171843200
AC1K4OQOZ90RS,0451219244,3.0,1148688000
A1CHM200OEN65X,0451219244,5.0,1147737600
A3M174IC0VXOS2,0451219244,5.0,1146960000
AKB2PYODH0TKS,0451219244,4.0,1180483200
AFVQZQ8PW0L,0451219244,5.0,1145923200
ATK1PI2HWROER,0451219244,5.0,1299542400
AIO247KHD2O40,0451219244,5.0,1147651200
A680RUE1FDO8B,0451219244,5.0,1150848000
A1LKSZ9CYJ6829,0451219244,4.0,1147305600
A1RY8R18NEO9AA,0451219244,4.0,1271721600
A3VMCKYN22X0CO,0451219244,4.0,1149552000
A29NUB3P6YIWZG,0451219244,3.0,1200873600
A2SI6BNK5SWSMD,0451219244,5.0,1150416000
A3U29LBT749HJ0,0451219244,4.0,1147996800
A1RMHZSWZ7ZEQO,0451219244,4.0,1148428800
A3R19YKNL641X3,0451219244,5.0,1152316800
A3H8NJ5PJNLFD5,0451219368,4.0,1182729600
A19UT0OPQCDR8,0451219368,5.0,1374192000
A2QZVW56O4WSBT,0451219368,4.0,1349568000
A1HA6KZZNDCME9,0451219368,5.0,1157414400
AFVQZQ8PW0L,0451219368,5.0,1157846400
A1CTXKA2C7BSC8,0451219368,5.0,1164412800
A1CNQTCRQ35IMM,0451219368,2.0,1217808000
ABMX8XUNPR3LP,0451219368,5.0,1330992000
ABUY5XK1R4YYZ,0451219368,5.0,1301356800
A1KYJA5YM1479G,0451219368,4.0,1371513600
AN0XWUHSHRUG6,0451219368,5.0,1158624000
A320TMDV6KCFU,0451219368,5.0,1158364800
A126YLPKFPNQDS,0451219368,5.0,1161561600
A17U562HOY2OQV,0451219368,5.0,1241654400
A3MT311233OHMQ,0451219368,5.0,1335916800
A1K4S4MWXI9E9M,0451219368,4.0,1366416000
A2E9HDZXQORZLA,0451219368,5.0,1303948800
A1JKGTL51HHTU1,0451219368,5.0,1331769600
A2PWUIQG57O1AZ,0451221958,5.0,1185321600
A2F6N60Z96CAJI,0451221958,4.0,1180396800
A11B61QBGHLQDN,0451221958,5.0,1236988800
A1CHM200OEN65X,0451221958,5.0,1180828800
AKB2PYODH0TKS,0451221958,3.0,1205280000
AFVQZQ8PW0L,0451221958,4.0,1177113600
AIO247KHD2O40,0451221958,4.0,1179100800
A680RUE1FDO8B,0451221958,3.0,1182816000
A1RY8R18NEO9AA,0451221958,4.0,1271894400
A3VMCKYN22X0CO,0451221958,4.0,1178236800
A29NUB3P6YIWZG,0451221958,4.0,1223510400
A2SI6BNK5SWSMD,0451221958,3.0,1178409600
A2MF2QVSCUI27G,0451221958,4.0,1182124800
A2F3M93RRLFQNJ,0451221958,5.0,1243296000
A3U29LBT749HJ0,0451221958,5.0,1197331200
A1RMHZSWZ7ZEQO,0451221958,4.0,1184025600
A2ZHH7AK83JB5G,0451221958,4.0,1186358400
A3R19YKNL641X3,0451221958,5.0,1181433600
A21NVBFIEQWDSG,045122650X,4.0,1209081600
A2PWUIQG57O1AZ,045122650X,4.0,1223510400
A2F6N60Z96CAJI,045122650X,5.0,1276041600
A11B61QBGHLQDN,045122650X,5.0,1224633600
AC1K4OQOZ90RS,045122650X,4.0,1208822400
A1CHM200OEN65X,045122650X,5.0,1208476800
A3BH49ZKESHDID,045122650X,4.0,1212192000
AKB2PYODH0TKS,045122650X,3.0,1217635200
AFVQZQ8PW0L,045122650X,5.0,1208563200
AIO247KHD2O40,045122650X,4.0,1210291200
A1LKSZ9CYJ6829,045122650X,3.0,1216857600
A3VMCKYN22X0CO,045122650X,5.0,1210118400
A29NUB3P6YIWZG,045122650X,5.0,1245369600
A1U360OMVQRPUB,045122650X,4.0,1220054400
A3U29LBT749HJ0,045122650X,4.0,1210550400
A1RMHZSWZ7ZEQO,045122650X,4.0,1211846400
A2ZHH7AK83JB5G,045122650X,3.0,1216857600
A1XRQ6YJ7HXQFQ,045122650X,5.0,1211760000
A3R19YKNL641X3,045122650X,4.0,1218844800
A3H8NJ5PJNLFD5,0451229681,4.0,1188432000
A5JZNVV4TEAWU,0451229681,3.0,1286064000
A25HWUX0L2DCFM,0451229681,5.0,1315872000
A2QZVW56O4WSBT,0451229681,4.0,1353369600
A1HA6KZZNDCME9,0451229681,5.0,1174262400
AFVQZQ8PW0L,0451229681,5.0,1173484800
A1CTXKA2C7BSC8,0451229681,5.0,1173744000
A1CNQTCRQ35IMM,0451229681,1.0,1217808000
ABMX8XUNPR3LP,0451229681,3.0,1341014400
ABUY5XK1R4YYZ,0451229681,4.0,1301097600
A1KYJA5YM1479G,0451229681,4.0,1361145600
A22B13EJTZKCTM,0451229681,4.0,1301529600
AN0XWUHSHRUG6,0451229681,5.0,1173744000
A320TMDV6KCFU,0451229681,5.0,1200614400
A3B48AN8JID1JK,0451229681,5.0,1363132800
A126YLPKFPNQDS,0451229681,5.0,1173916800
A17U562HOY2OQV,0451229681,4.0,1241913600
A3MT311233OHMQ,0451229681,4.0,1336003200
A1K4S4MWXI9E9M,0451229681,4.0,1366848000
A2E9HDZXQORZLA,0451229681,3.0,1310515200
A1JKGTL51HHTU1,0451229681,5.0,1332201600
A2F6N60Z96CAJI,0451232704,5.0,1275609600
A2H44WVZS59KKT,0451232704,4.0,1300752000
A1CHM200OEN65X,0451232704,5.0,1270512000
AFVQZQ8PW0L,0451232704,5.0,1269648000
A2KWQ64TRHB3YH,0451232704,5.0,1271289600
ATK1PI2HWROER,0451232704,5.0,1344124800
AIO247KHD2O40,0451232704,4.0,1270252800
A1LKSZ9CYJ6829,0451232704,3.0,1276128000
A2RPIGO3G4M6GN,0451232704,2.0,1289779200
A2TSTJP0B3A3H5,0451232704,4.0,1271203200
A3VMCKYN22X0CO,0451232704,4.0,1270944000
A29NUB3P6YIWZG,0451232704,5.0,1283990400
A3NLJZI5NEOT0K,0451232704,3.0,1273881600
A1FJFLAAQD5WH2,0451232704,5.0,1269302400
AOKGRSAS5VNS3,0451232704,4.0,1272931200
A3Z9QN0RCOHEY,0451232704,4.0,1272499200
A3U29LBT749HJ0,0451232704,4.0,1284249600
A1RMHZSWZ7ZEQO,0451232704,5.0,1271030400
A3R19YKNL641X3,0451232704,4.0,1278806400
A2F6N60Z96CAJI,045123393X,4.0,1301443200
A3MGX52HV1IE0P,045123393X,5.0,1305676800
A1CHM200OEN65X,045123393X,3.0,1301875200
A3BH49ZKESHDID,045123393X,3.0,1389052800
AFVQZQ8PW0L,045123393X,5.0,1301011200
A2KWQ64TRHB3YH,045123393X,5.0,1311552000
ATK1PI2HWROER,045123393X,4.0,1334534400
AIO247KHD2O40,045123393X,5.0,1302307200
A1LKSZ9CYJ6829,045123393X,3.0,1304899200
A2TSTJP0B3A3H5,045123393X,2.0,1304985600
A3VMCKYN22X0CO,045123393X,4.0,1302134400
A29NUB3P6YIWZG,045123393X,4.0,1351296000
A2SI6BNK5SWSMD,045123393X,5.0,1304467200
A1FJFLAAQD5WH2,045123393X,5.0,1300752000
A2F3M93RRLFQNJ,045123393X,5.0,1334620800
A1XRQ6YJ7HXQFQ,045123393X,4.0,1306713600
A3R19YKNL641X3,045123393X,4.0,1302912000
A2F6N60Z96CAJI,045141411X,5.0,1364860800
A27R2V3WLS43LP,045141411X,4.0,1364428800
A2H44WVZS59KKT,045141411X,4.0,1374192000
A1D2C0WDCSHUWZ,045141411X,2.0,1363996800
A2SQJPUCZNHMZE,045141411X,5.0,1363651200
A2VV2MISGXFY1O,045141411X,5.0,1363651200
A2KWQ64TRHB3YH,045141411X,5.0,1379808000
AIO247KHD2O40,045141411X,4.0,1364601600
A1LKSZ9CYJ6829,045141411X,2.0,1369958400
A6XR7Y415RPD0,045141411X,4.0,1363651200
A1FJFLAAQD5WH2,045141411X,5.0,1363651200
A1U360OMVQRPUB,045141411X,4.0,1366329600
A3U29LBT749HJ0,045141411X,4.0,1400716800
A3PATLW8T3PQV7,045141411X,5.0,1365033600
A1RMHZSWZ7ZEQO,045141411X,5.0,1366934400
AKPKPMWM6IIU5,045141411X,3.0,1367539200
A3R19YKNL641X3,045141411X,5.0,1366675200
A1I2O9Y3X3HXLS,0451458443,5.0,1188259200
A1X8VZWTOG8IS6,0451458443,3.0,1186099200
A25HWUX0L2DCFM,0451458443,3.0,1339718400
A1T17LMQABMBN5,0451458443,4.0,1107648000
A2NHD7LUXVGTD3,0451458443,5.0,1372636800
A1D2C0WDCSHUWZ,0451458443,5.0,1240444800
AFVQZQ8PW0L,0451458443,5.0,999648000
A3A6GXILVT9JNW,0451458443,5.0,1233014400
ABMX8XUNPR3LP,0451458443,4.0,1260921600
A4SKIA2A7IDRX,0451458443,5.0,1401235200
A3ICDLUQ3V2QY2,0451458443,4.0,1251936000
A1M4NJYP0WNL8Q,0451458443,5.0,1006300800
A3T0OTH5072YRE,0451458443,3.0,1283385600
A3U29LBT749HJ0,0451458443,5.0,1167436800
A17U562HOY2OQV,0451458443,4.0,1230940800
A3PATLW8T3PQV7,0451458443,4.0,1317427200
A2EDZH51XHFA9B,0451458443,3.0,1223596800
A24ZMNWTW8AQUR,0451458443,5.0,1173398400
A2S166WSCFIFP5,0452285216,4.0,1070236800
A2C27IQUH9N1Z,0452285216,5.0,1075161600
A1MR1VMK999I6O,0452285216,5.0,1074902400
A2F6N60Z96CAJI,0452285216,4.0,1063324800
A1BI8PUEHA5CHW,0452285216,5.0,1085875200
A28WJUJF6D2ULA,0452285216,4.0,1126137600
ABN5K7K1TM1QA,0452285216,3.0,1095465600
A2B9Y0WXNSN17U,0452285216,5.0,1073433600
A4R8GJX3UZ1I,0452285216,5.0,1067212800
A9I40WFF40R4,0452285216,5.0,1077408000
A18OBUSMXVE8R0,0452285216,5.0,1119830400
A2O9HU1K7TCF7B,0452285216,5.0,1062979200
A2TUA4VWCMNXI,0452285216,5.0,1063152000
A222LQEPE7O7BV,0452285216,5.0,1072656000
A3OJFPKMCXKOM0,0452285216,4.0,1151539200
A3VMCKYN22X0CO,0452285216,4.0,1067644800
A22RY8N8CNDF3A,0452285216,5.0,1135814400
A12A08OL0TZY0W,0452285216,5.0,1151884800
A1S8AJIUIO6M9K,0452285216,4.0,1062201600
A16QODENBJVUI1,0452285216,5.0,1061596800
A2Z4KA3EFQWZOX,0452285216,1.0,1066003200
AITIU2DG1MM4A,0452285216,5.0,1065484800
A2F6N60Z96CAJI,0517580519,5.0,1302652800
A1BI8PUEHA5CHW,0517580519,2.0,1310083200
A2QZVW56O4WSBT,0517580519,3.0,1355788800
A3R9X003XW0LNR,0517580519,3.0,1297728000
A3BFDEBT5IV4UN,0517580519,4.0,1296864000
AFVQZQ8PW0L,0517580519,4.0,1321920000
A3FHAMLNGHCFU7,0517580519,3.0,1305417600
A1RY8R18NEO9AA,0517580519,3.0,1303689600
A370Z6I5GBWU44,0517580519,2.0,1308873600
A13G1TKIKHGV3F,0517580519,2.0,1302220800
A2F540P3L6P5CL,0517580519,2.0,1297555200
A3T0OTH5072YRE,0517580519,3.0,1296950400
A3EPHBMU07LZ50,0517580519,4.0,1305676800
AN8C7BGR98HLN,0517580519,4.0,1302134400
A2O5RT4RCC4NU2,0517580519,4.0,1338940800
ANEDXRFDZDL18,0517580519,1.0,1300924800
A1N1YEMTI9DJ86,0517580519,2.0,1310947200
AKPKPMWM6IIU5,0517580519,1.0,1302307200
A1S3IN6CSTBPY6,0517580519,1.0,1342828800
A3U7ELIED4WP4R,0545123267,3.0,1276646400
A1D2C0WDCSHUWZ,0545123267,5.0,1309737600
A1CNQTCRQ35IMM,0545123267,4.0,1252108800
ABMX8XUNPR3LP,0545123267,4.0,1277856000
A2E3GFHUDNPYDH,0545123267,2.0,1252195200
A1AKQ1YUS4BT82,0545123267,4.0,1249257600
A22B13EJTZKCTM,0545123267,4.0,1254787200
A11L3YX5WIDKJ,0545123267,3.0,1374019200
AX9C10JD538D9,0545123267,4.0,1301097600
A126YLPKFPNQDS,0545123267,4.0,1254268800
A17U562HOY2OQV,0545123267,3.0,1253836800
A2EDZH51XHFA9B,0545123267,3.0,1252540800
A26J2TRDPZH7RZ,0545123267,5.0,1354838400
A2SY92ZXU2FOEU,0545123267,3.0,1253059200
A36TDC5SGAN0EP,0545123267,5.0,1330646400
A11I1I9QLMAM1A,0545123267,3.0,1252108800
A2TX179XAT5GRP,0545123267,5.0,1248307200
A1D5RCOILPC9LX,0545123267,1.0,1249862400
A2PWUIQG57O1AZ,0553584537,4.0,1114387200
A2F6N60Z96CAJI,0553584537,4.0,1106352000
AC1K4OQOZ90RS,0553584537,4.0,1106438400
AFVQZQ8PW0L,0553584537,5.0,1102118400
ATK1PI2HWROER,0553584537,4.0,1371772800
AIO247KHD2O40,0553584537,4.0,1146960000
A1RECBDKHVOJMW,0553584537,4.0,1139443200
A1CNQTCRQ35IMM,0553584537,2.0,1332115200
A3A6GXILVT9JNW,0553584537,5.0,1287187200
A1LKSZ9CYJ6829,0553584537,5.0,1106784000
A1IU7S4HCK1XK0,0553584537,4.0,1192492800
A2RPIGO3G4M6GN,0553584537,2.0,1132790400
A1L43KWWR05PCS,0553584537,4.0,1195862400
A3NLJZI5NEOT0K,0553584537,3.0,1285027200
A1U360OMVQRPUB,0553584537,4.0,1135555200
ACEOOCYZRPWF3,0553584537,4.0,1320710400
A3R19YKNL641X3,0553584537,5.0,1116460800
AAR8E3JF9K93P,0553584537,2.0,1105920000
A21NVBFIEQWDSG,0553589091,4.0,1150675200
A2F6N60Z96CAJI,0553589091,5.0,1149638400
A24H4WUFUDPTAA,0553589091,5.0,1149379200
A11B61QBGHLQDN,0553589091,4.0,1179619200
A1HA6KZZNDCME9,0553589091,4.0,1150243200
A1CHM200OEN65X,0553589091,5.0,1149638400
A3M174IC0VXOS2,0553589091,5.0,1150243200
AFVQZQ8PW0L,0553589091,5.0,1149033600
AIO247KHD2O40,0553589091,4.0,1153699200
A1CNQTCRQ35IMM,0553589091,2.0,1370649600
A3UV7L5ND3EH8T,0553589091,5.0,1151193600
A1DYMH30TSRONY,0553589091,3.0,1173916800
A680RUE1FDO8B,0553589091,5.0,1150761600
A3VMCKYN22X0CO,0553589091,4.0,1150070400
A319KYEIAZ3SON,0553589091,4.0,1152576000
A2F3M93RRLFQNJ,0553589091,5.0,1181347200
A3QVAKVRAH657N,0553589091,5.0,1149033600
AS6SH2JM2YY3H,0553589091,5.0,1149897600
A3R19YKNL641X3,0553589091,4.0,1158364800
A3K3P9U2AB4P4R,0553593803,5.0,1368489600
A2H44WVZS59KKT,0553593803,5.0,1318809600
A3BFDEBT5IV4UN,0553593803,5.0,1315785600
AC1K4OQOZ90RS,0553593803,5.0,1315353600
A2SQJPUCZNHMZE,0553593803,5.0,1311552000
A134C9GVEU5TQE,0553593803,5.0,1348876800
AFVQZQ8PW0L,0553593803,5.0,1314662400
A3DIGM3KB4E11V,0553593803,5.0,1312243200
A1LKSZ9CYJ6829,0553593803,4.0,1317600000
A3LF914GG87TWP,0553593803,5.0,1317427200
A186ZAYP2L4CDZ,0553593803,5.0,1319328000
AN8C7BGR98HLN,0553593803,4.0,1345420800
A232HUAELH5J6V,0553593803,3.0,1321315200
A324NNSMM9EFML,0553593803,4.0,1377734400
A1DLVUJFANNU1Q,0553593803,4.0,1314662400
A2E9HDZXQORZLA,0553593803,4.0,1320364800
A3TAF7M58DN46F,0553593803,5.0,1318204800
A1D5RCOILPC9LX,0553593803,5.0,1318982400
A39650P2CZUUC9,0595440096,5.0,1299024000
A2F6N60Z96CAJI,0595440096,5.0,1232928000
AYT4FJYVCHYLE,0595440096,4.0,1228694400
A1BI8PUEHA5CHW,0595440096,5.0,1245110400
A1S3C5OFU508P3,0595440096,5.0,1208736000
A2H44WVZS59KKT,0595440096,5.0,1295222400
A1E2NA2F4RTQ9B,0595440096,4.0,1325030400
ACJT8MUC0LRF0,0595440096,5.0,1260748800
AC1K4OQOZ90RS,0595440096,5.0,1235433600
A2VV2MISGXFY1O,0595440096,4.0,1345852800
A1DYMH30TSRONY,0595440096,5.0,1359849600
A2O9HU1K7TCF7B,0595440096,5.0,1228521600
A2DSXA1E02C86D,0595440096,5.0,1210982400
A2E3GFHUDNPYDH,0595440096,2.0,1227744000
A1ER5AYS3FQ9O3,0595440096,4.0,1246147200
A3OL1AX1IODBYL,0595440096,5.0,1401321600
A14OJS0VWMOSWO,0595440096,5.0,1210118400
A3Z9QN0RCOHEY,0595440096,5.0,1235260800
A186ZAYP2L4CDZ,0595440096,5.0,1230940800
AN8C7BGR98HLN,0595440096,5.0,1320883200
A23MAG8UKFL0QW,0595440096,5.0,1267228800
A3R19YKNL641X3,0595440096,5.0,1206576000
AUTBHG6070SL4,0595440096,5.0,1261440000
A1D5RCOILPC9LX,0595440096,4.0,1368576000
A55MRYPUAX4QU,0618509283,4.0,1101513600
A2HM0BZWQRV1EF,0618509283,4.0,1106870400
A2F6N60Z96CAJI,0618509283,5.0,1130889600
AYT4FJYVCHYLE,0618509283,4.0,1112140800
A1G37DFO8MQW0M,0618509283,4.0,1364601600
A1HA6KZZNDCME9,0618509283,4.0,1134518400
A1K1JW1C5CUSUZ,0618509283,4.0,1116201600
A1GARI2JT6EAWA,0618509283,3.0,1361836800
AC1K4OQOZ90RS,0618509283,5.0,1104537600
A4R8GJX3UZ1I,0618509283,5.0,1109808000
A1CHM200OEN65X,0618509283,3.0,1104796800
A2PR6NXG0PA3KY,0618509283,3.0,1223769600
A328S9RN3U5M68,0618509283,5.0,1098057600
A9I40WFF40R4,0618509283,5.0,1098576000
A1RECBDKHVOJMW,0618509283,5.0,1107475200
AU7ND6NOCX9IA,0618509283,5.0,1097884800
ANH8VL45X2L1S,0618509283,5.0,1095984000
A2O9HU1K7TCF7B,0618509283,5.0,1102809600
AKT8TGIT6VVZ5,0618509283,5.0,1121904000
AUEY946M1L939,0618509283,3.0,1133654400
A1M8PP7MLHNBQB,0618509283,5.0,1099526400
A1ER5AYS3FQ9O3,0618509283,3.0,1097107200
A1L43KWWR05PCS,0618509283,5.0,1225670400
APTVNT7U6RZC3,0618509283,5.0,1172534400
A1RMHZSWZ7ZEQO,0618509283,3.0,1100649600
A16QODENBJVUI1,0618509283,5.0,1129852800
A21VR7M8O55EF6,0618509283,4.0,1151107200
A8IPQ1Q1O7YX5,0618509283,4.0,1134345600
AHD101501WCN1,0618509283,4.0,1097884800
A3R19YKNL641X3,0618509283,4.0,1100649600
AITIU2DG1MM4A,0618509283,5.0,1102464000
A1D5RCOILPC9LX,0618509283,2.0,1231977600
A55MRYPUAX4QU,0618680004,3.0,1164931200
A2VMT89TCSF105,0618680004,2.0,1398729600
A2F3SXHT6RBV81,0618680004,3.0,1160092800
ABN5K7K1TM1QA,0618680004,5.0,1162857600
A1K1JW1C5CUSUZ,0618680004,3.0,1169510400
A2PR6NXG0PA3KY,0618680004,5.0,1160870400
A3RFXU3P0XKKF4,0618680004,5.0,1162425600
AU7ND6NOCX9IA,0618680004,5.0,1160784000
AKT8TGIT6VVZ5,0618680004,5.0,1186963200
AUEY946M1L939,0618680004,3.0,1207958400
A2E3GFHUDNPYDH,0618680004,4.0,1188086400
A22RY8N8CNDF3A,0618680004,3.0,1165363200
A12A08OL0TZY0W,0618680004,5.0,1162771200
A14OJS0VWMOSWO,0618680004,5.0,1170460800
A2F3M93RRLFQNJ,0618680004,5.0,1250121600
A281NPSIMI1C2R,0618680004,4.0,1337817600
A1XXJ6I7K2I7SI,0618680004,5.0,1162339200
A1S8AJIUIO6M9K,0618680004,4.0,1200528000
A1OX82JPAQLL60,0618680004,1.0,1172016000
A2Z4KA3EFQWZOX,0618680004,3.0,1159228800
AHD101501WCN1,0618680004,1.0,1161475200
AJDYDG7YZY9QL,0618680004,5.0,1161302400
AQQLWCMRNDFGI,0618680004,4.0,1162080000
A2OJW07GQRNJUT,0618680004,4.0,1367884800
A1S60W4KWFX1Y9,0618680004,5.0,1175040000
A55MRYPUAX4QU,0641934173,3.0,1110672000
A2F3SXHT6RBV81,0641934173,2.0,1108512000
A2F6N60Z96CAJI,0641934173,4.0,1096588800
A2CR57GAJKNWVV,0641934173,5.0,1126569600
AYT4FJYVCHYLE,0641934173,5.0,1105488000
A2B1GZIRD6W646,0641934173,5.0,1189641600
A1D2C0WDCSHUWZ,0641934173,5.0,1320105600
A4R8GJX3UZ1I,0641934173,5.0,1124150400
A3PGGI7A6XCNF1,0641934173,5.0,1108857600
A30KEXFT9SILL6,0641934173,5.0,1153008000
A1RECBDKHVOJMW,0641934173,5.0,1100390400
A1DYMH30TSRONY,0641934173,4.0,1388880000
A3ICDLUQ3V2QY2,0641934173,5.0,1354406400
A2SI6BNK5SWSMD,0641934173,5.0,1146528000
A1M4NJYP0WNL8Q,0641934173,3.0,1130025600
A370Z6I5GBWU44,0641934173,4.0,1298332800
A2UIXU97JYCPZG,0641934173,4.0,1099872000
A4FX5YCJA630V,0641934173,5.0,1110931200
A2EDZH51XHFA9B,0641934173,1.0,1212105600
ANEDXRFDZDL18,0641934173,3.0,1107734400
A1D5RCOILPC9LX,0641934173,3.0,1242086400
A3MV1KKHX51FYT,0679722645,5.0,1376352000
A1X8VZWTOG8IS6,0679722645,4.0,1204416000
A1G37DFO8MQW0M,0679722645,5.0,1301961600
A2NHD7LUXVGTD3,0679722645,5.0,1248048000
A1D2C0WDCSHUWZ,0679722645,4.0,1074729600
A1CHM200OEN65X,0679722645,5.0,999648000
A1CNQTCRQ35IMM,0679722645,4.0,1376956800
A2AYSFGUP5VTY3,0679722645,5.0,1390694400
A2E3GFHUDNPYDH,0679722645,3.0,1245542400
A3OJFPKMCXKOM0,0679722645,5.0,1137888000
A3ICDLUQ3V2QY2,0679722645,4.0,1296950400
A29NUB3P6YIWZG,0679722645,4.0,1109376000
A2I6MHMAZZDCRX,0679722645,3.0,1136851200
A34UTL4AVX80MK,0679722645,4.0,1075766400
A14OJS0VWMOSWO,0679722645,5.0,1229126400
A2F3M93RRLFQNJ,0679722645,5.0,1067385600
AHUT55E980RDR,0679722645,5.0,1027382400
A3QVAKVRAH657N,0679722645,5.0,972950400
A16QODENBJVUI1,0679722645,5.0,1036195200
A1N1YEMTI9DJ86,0679722645,5.0,1138665600
AUTBHG6070SL4,0679722645,5.0,1107475200
A2HM0BZWQRV1EF,0684813637,5.0,1003622400
A24505CR98NLLV,0684813637,5.0,1073692800
A20HMA36ESANHC,0684813637,5.0,1011398400
A3FHAMLNGHCFU7,0684813637,5.0,1217376000
A1RAUVCWYHTQI4,0684813637,1.0,1039651200
A1MR1VMK999I6O,0684813637,5.0,996105600
A28WJUJF6D2ULA,0684813637,5.0,1127433600
A1K1JW1C5CUSUZ,0684813637,5.0,994896000
A3PGGI7A6XCNF1,0684813637,5.0,991872000
A1DYMH30TSRONY,0684813637,5.0,1307318400
A2TUA4VWCMNXI,0684813637,5.0,993168000
AKT8TGIT6VVZ5,0684813637,5.0,1007424000
A2NJO6YE954DBH,0684813637,5.0,1021161600
AQ3540NJNST0C,0684813637,5.0,1165968000
A22RY8N8CNDF3A,0684813637,5.0,1246233600
A26JGAM6GZMM4V,0684813637,5.0,1026259200
A21VR7M8O55EF6,0684813637,5.0,999648000
AQQLWCMRNDFGI,0684813637,5.0,1170374400
AXSH6O4OP5L4M,0684824906,5.0,1254614400
A2F6N60Z96CAJI,0684824906,5.0,1133222400
A3NHUQ33CFH3VM,0684824906,5.0,1324080000
A2ZY49IDE6TY5I,0684824906,5.0,1327968000
A39ABKRS1MKFTW,0684824906,5.0,1142553600
A2B1GZIRD6W646,0684824906,5.0,1352332800
A1GARI2JT6EAWA,0684824906,4.0,1177891200
A3PGGI7A6XCNF1,0684824906,5.0,1137456000
A2SQJPUCZNHMZE,0684824906,5.0,1352419200
A2PR6NXG0PA3KY,0684824906,5.0,1357344000
A3RFXU3P0XKKF4,0684824906,4.0,1230595200
A1OYW08VVPMP3Q,0684824906,5.0,1242604800
A680RUE1FDO8B,0684824906,5.0,1141603200
A1M8PP7MLHNBQB,0684824906,5.0,1134000000
A2DSXA1E02C86D,0684824906,4.0,1168387200
A2AYSFGUP5VTY3,0684824906,5.0,1341273600
A3OJFPKMCXKOM0,0684824906,5.0,1147651200
A2NJO6YE954DBH,0684824906,5.0,1142812800
AQ3540NJNST0C,0684824906,5.0,1249689600
A34UTL4AVX80MK,0684824906,5.0,1134259200
A1RMHZSWZ7ZEQO,0684824906,4.0,1137628800
AUM3YMZ0YRJE0,0684824906,5.0,1145232000
A26JGAM6GZMM4V,0684824906,5.0,1140393600
AS6SH2JM2YY3H,0684824906,5.0,1143244800
AHD101501WCN1,0684824906,5.0,1131926400
AQQLWCMRNDFGI,0684824906,5.0,1156464000
A2OCDK0BOW6UCY,0718178122,3.0,1378166400
A39650P2CZUUC9,0718178122,4.0,1381276800
A2F6N60Z96CAJI,0718178122,4.0,1381795200
AISUSPFYY68RO,0718178122,5.0,1385251200
AYT4FJYVCHYLE,0718178122,4.0,1374364800
A27R2V3WLS43LP,0718178122,2.0,1384905600
A17BTP1QHK2I3I,0718178122,5.0,1377475200
A2QZVW56O4WSBT,0718178122,5.0,1359504000
A3KRBW13FWBUH,0718178122,5.0,1365724800
A1E2NA2F4RTQ9B,0718178122,5.0,1390694400
A3R9X003XW0LNR,0718178122,5.0,1380499200
AC1K4OQOZ90RS,0718178122,4.0,1373328000
A4R8GJX3UZ1I,0718178122,5.0,1385251200
AFVQZQ8PW0L,0718178122,5.0,1402444800
AIO247KHD2O40,0718178122,5.0,1361577600
A1CNQTCRQ35IMM,0718178122,3.0,1382918400
AKMEY1BSHSDG7,0718178122,4.0,1404259200
A1DYMH30TSRONY,0718178122,4.0,1363219200
A3OL1AX1IODBYL,0718178122,5.0,1388620800
A25KKXUQQ0OLWB,0718178122,5.0,1383696000
A3Z9QN0RCOHEY,0718178122,3.0,1383523200
A186ZAYP2L4CDZ,0718178122,5.0,1384646400
AHUT55E980RDR,0718178122,5.0,1379721600
A1RMHZSWZ7ZEQO,0718178122,5.0,1388448000
A3I8FT707XKQAJ,0718178122,2.0,1365206400
AKPKPMWM6IIU5,0718178122,4.0,1396828800
A2ZHH7AK83JB5G,0718178122,5.0,1382313600
A1DLVUJFANNU1Q,0718178122,5.0,1403740800
A2PD27UKAD3Q00,0718178122,4.0,1386720000
A1D5RCOILPC9LX,0718178122,4.0,1387238400
A21NVBFIEQWDSG,0739334670,4.0,1165449600
A1BI8PUEHA5CHW,0739334670,4.0,1248739200
A24H4WUFUDPTAA,0739334670,5.0,1146441600
A39ABKRS1MKFTW,0739334670,5.0,1212019200
A1HA6KZZNDCME9,0739334670,5.0,1207440000
A4R8GJX3UZ1I,0739334670,4.0,1123977600
A1RECBDKHVOJMW,0739334670,5.0,1238371200
A1DYMH30TSRONY,0739334670,4.0,1143849600
A1M8PP7MLHNBQB,0739334670,5.0,1122422400
A2E3GFHUDNPYDH,0739334670,4.0,1155945600
A1IOJE0W1NXOSE,0739334670,5.0,1161043200
APTVNT7U6RZC3,0739334670,5.0,1220918400
A370Z6I5GBWU44,0739334670,4.0,1222732800
A3IJHV3XZZEED5,0739334670,4.0,1270598400
A2F540P3L6P5CL,0739334670,4.0,1179619200
A3Z9QN0RCOHEY,0739334670,5.0,1124496000
A2O5RT4RCC4NU2,0739334670,5.0,1317081600
A1S3IN6CSTBPY6,0739334670,5.0,1174262400
A1POFVVXUZR3IQ,0739334670,5.0,1326758400
A1MR1VMK999I6O,0739458213,5.0,1113177600
A2F3SXHT6RBV81,0739458213,3.0,1122595200
A39650P2CZUUC9,0739458213,5.0,1236297600
AYT4FJYVCHYLE,0739458213,5.0,1115337600
A1BI8PUEHA5CHW,0739458213,5.0,1207353600
A24H4WUFUDPTAA,0739458213,5.0,1219622400
A39ABKRS1MKFTW,0739458213,5.0,1188086400
A1E2NA2F4RTQ9B,0739458213,5.0,1313020800
A2NHD7LUXVGTD3,0739458213,4.0,1214352000
A2RQ0AT4XZUIXL,0739458213,5.0,1114560000
AC1K4OQOZ90RS,0739458213,5.0,1135382400
A3PGGI7A6XCNF1,0739458213,5.0,1173052800
A1DYMH30TSRONY,0739458213,4.0,1156464000
A2DSXA1E02C86D,0739458213,5.0,1219968000
A2E3GFHUDNPYDH,0739458213,4.0,1154822400
A1IOJE0W1NXOSE,0739458213,5.0,1217548800
A1L43KWWR05PCS,0739458213,5.0,1227484800
AOKGRSAS5VNS3,0739458213,4.0,1257984000
A13G1TKIKHGV3F,0739458213,1.0,1209081600
A3IJHV3XZZEED5,0739458213,4.0,1286409600
A3Z9QN0RCOHEY,0739458213,5.0,1124582400
AN8C7BGR98HLN,0739458213,4.0,1285200000
A303U1MOXG5R1F,0739458213,5.0,1167868800
A1K9IG5MP8RW75,0739458213,5.0,1169424000
A8710RWTFG3IY,0739464418,4.0,1351123200
A2ICKSJ6T7WIBO,0739464418,4.0,1175904000
AXSH6O4OP5L4M,0739464418,5.0,1144195200
A2F6N60Z96CAJI,0739464418,3.0,1125532800
A39ABKRS1MKFTW,0739464418,4.0,1199836800
A28WJUJF6D2ULA,0739464418,5.0,1137456000
A2NHD7LUXVGTD3,0739464418,4.0,1318896000
A1K1JW1C5CUSUZ,0739464418,5.0,1326153600
A2B9Y0WXNSN17U,0739464418,5.0,1128556800
A2TXR85WQLE32N,0739464418,5.0,1144540800
AQZH7YTWQPOBE,0739464418,5.0,1124323200
A680RUE1FDO8B,0739464418,5.0,1134864000
A1LKSZ9CYJ6829,0739464418,4.0,1240876800
A2TUA4VWCMNXI,0739464418,5.0,1126569600
A2YXRT2XIJIO57,0739464418,5.0,1265587200
A2VG0RY3EUWZKB,0739464418,5.0,1140998400
A14OJS0VWMOSWO,0739464418,5.0,1128470400
A1RMHZSWZ7ZEQO,0739464418,4.0,1130371200
A1S8AJIUIO6M9K,0739464418,5.0,1201392000
A2Z4KA3EFQWZOX,0739464418,4.0,1124409600
AJDYDG7YZY9QL,0739464418,5.0,1136505600
AJV985MKGCIQ0,0739474812,5.0,1170028800
AYT4FJYVCHYLE,0739474812,5.0,1165104000
A1BI8PUEHA5CHW,0739474812,5.0,1190505600
A1T17LMQABMBN5,0739474812,5.0,1211846400
AC1K4OQOZ90RS,0739474812,4.0,1159574400
A3PGGI7A6XCNF1,0739474812,5.0,1165536000
A30KEXFT9SILL6,0739474812,2.0,1232928000
A2VV2MISGXFY1O,0739474812,5.0,1357862400
A1DYMH30TSRONY,0739474812,4.0,1176508800
ABMX8XUNPR3LP,0739474812,5.0,1313625600
A2E3GFHUDNPYDH,0739474812,2.0,1191196800
A1L43KWWR05PCS,0739474812,5.0,1205280000
A2SI6BNK5SWSMD,0739474812,5.0,1178409600
A2VG0RY3EUWZKB,0739474812,5.0,1159228800
A3IJHV3XZZEED5,0739474812,4.0,1268784000
A186ZAYP2L4CDZ,0739474812,4.0,1249171200
AN8C7BGR98HLN,0739474812,4.0,1218067200
A4FX5YCJA630V,0739474812,4.0,1282953600
A1N1YEMTI9DJ86,0739474812,5.0,1181865600
A2ZHH7AK83JB5G,0739474812,2.0,1268870400
A2TX179XAT5GRP,0739474812,5.0,1208995200
A1D5RCOILPC9LX,0739474812,4.0,1343001600
A1POFVVXUZR3IQ,0739474812,5.0,1173484800
A55MRYPUAX4QU,0743226712,5.0,1120348800
A1MR1VMK999I6O,0743226712,5.0,1117929600
A2HM0BZWQRV1EF,0743226712,5.0,1126569600
A2F6N60Z96CAJI,0743226712,5.0,1118275200
AYT4FJYVCHYLE,0743226712,5.0,1125360000
A1BI8PUEHA5CHW,0743226712,5.0,1138838400
A24H4WUFUDPTAA,0743226712,4.0,1153094400
A3NHUQ33CFH3VM,0743226712,4.0,1324080000
AUHG8KSHI529U,0743226712,5.0,1121040000
A11B61QBGHLQDN,0743226712,4.0,1159833600
A39ABKRS1MKFTW,0743226712,4.0,1120694400
A28WJUJF6D2ULA,0743226712,4.0,1126051200
A1MC6BFHWY6WC3,0743226712,5.0,1129161600
A2NHD7LUXVGTD3,0743226712,4.0,1123113600
A1K1JW1C5CUSUZ,0743226712,5.0,1123027200
A1GARI2JT6EAWA,0743226712,4.0,1313712000
A3PGGI7A6XCNF1,0743226712,5.0,1118275200
A2VE83MZF98ITY,0743226712,5.0,1127779200
A1DYMH30TSRONY,0743226712,5.0,1144454400
A680RUE1FDO8B,0743226712,5.0,1119571200
A2TUA4VWCMNXI,0743226712,5.0,1117411200
AKT8TGIT6VVZ5,0743226712,5.0,1130716800
A3OJFPKMCXKOM0,0743226712,5.0,1169683200
A1IOJE0W1NXOSE,0743226712,4.0,1146009600
A2NJO6YE954DBH,0743226712,5.0,1133136000
AQ3540NJNST0C,0743226712,3.0,1179532800
A3QZCA4LTTVGAD,0743226712,5.0,1135814400
A3NIQK6ZLYEP1L,0743226712,5.0,1342224000
A2F3M93RRLFQNJ,0743226712,4.0,1127260800
A2UIXU97JYCPZG,0743226712,3.0,1247616000
A1S8AJIUIO6M9K,0743226712,5.0,1120435200
A27KTPDJQ0U7I6,0743226712,4.0,1334361600
A20HMA36ESANHC,0743226712,3.0,1322611200
A2Z4KA3EFQWZOX,0743226712,5.0,1117065600
AQQLWCMRNDFGI,0743226712,5.0,1167004800
A2JP0URFHXP6DO,0743226712,5.0,1117152000
A1POFVVXUZR3IQ,0743226712,5.0,1194652800
A1RAUVCWYHTQI4,0743276728,4.0,1182297600
A2X29H96X7C3XJ,0743276728,4.0,1191542400
A2F6N60Z96CAJI,0743276728,5.0,1182124800
A39ABKRS1MKFTW,0743276728,4.0,1284768000
A28WJUJF6D2ULA,0743276728,3.0,1241049600
A1K1JW1C5CUSUZ,0743276728,5.0,1182211200
A2TXR85WQLE32N,0743276728,4.0,1183507200
AC1K4OQOZ90RS,0743276728,5.0,1183161600
A3PGGI7A6XCNF1,0743276728,4.0,1188259200
AKB2PYODH0TKS,0743276728,3.0,1187740800
AFVQZQ8PW0L,0743276728,5.0,1181606400
A1DYMH30TSRONY,0743276728,4.0,1208563200
A2DSXA1E02C86D,0743276728,4.0,1248566400
A3VMCKYN22X0CO,0743276728,4.0,1182902400
A3NLJZI5NEOT0K,0743276728,4.0,1336176000
A2VG0RY3EUWZKB,0743276728,5.0,1182902400
A319KYEIAZ3SON,0743276728,5.0,1215907200
A2UIXU97JYCPZG,0743276728,3.0,1189900800
A2F6N60Z96CAJI,0743281616,5.0,1141171200
AYT4FJYVCHYLE,0743281616,3.0,1142121600
A2H44WVZS59KKT,0743281616,4.0,1387843200
A2B1GZIRD6W646,0743281616,5.0,1173139200
A1K1JW1C5CUSUZ,0743281616,4.0,1141862400
A3M174IC0VXOS2,0743281616,5.0,1141603200
AKB2PYODH0TKS,0743281616,3.0,1160006400
A1CTXKA2C7BSC8,0743281616,5.0,1169510400
A1CNQTCRQ35IMM,0743281616,3.0,1369526400
A3DIGM3KB4E11V,0743281616,5.0,1142121600
A680RUE1FDO8B,0743281616,5.0,1143417600
A9LAPV8XNKZVZ,0743281616,4.0,1141516800
A2RPIGO3G4M6GN,0743281616,4.0,1150934400
A30TK6U7DNS82R,0743281616,4.0,1175644800
A3VMCKYN22X0CO,0743281616,4.0,1142294400
A2SI6BNK5SWSMD,0743281616,4.0,1146528000
A2I6MHMAZZDCRX,0743281616,3.0,1374883200
A2F3M93RRLFQNJ,0743281616,5.0,1203811200
A3U29LBT749HJ0,0743281616,4.0,1154390400
A1RMHZSWZ7ZEQO,0743281616,4.0,1143504000
A21NVBFIEQWDSG,0743281632,5.0,1172620800
A2F6N60Z96CAJI,0743281632,5.0,1180396800
AYT4FJYVCHYLE,0743281632,3.0,1173571200
A2B1GZIRD6W646,0743281632,5.0,1203552000
A1K1JW1C5CUSUZ,0743281632,4.0,1175040000
A3BH49ZKESHDID,0743281632,5.0,1203552000
A1CNQTCRQ35IMM,0743281632,4.0,1369008000
A680RUE1FDO8B,0743281632,5.0,1177459200
A9LAPV8XNKZVZ,0743281632,4.0,1173657600
A2RPIGO3G4M6GN,0743281632,5.0,1198195200
A30TK6U7DNS82R,0743281632,3.0,1192406400
A3VMCKYN22X0CO,0743281632,4.0,1174348800
A2SI6BNK5SWSMD,0743281632,5.0,1175817600
A1U360OMVQRPUB,0743281632,5.0,1172534400
A14OJS0VWMOSWO,0743281632,5.0,1181347200
A2F3M93RRLFQNJ,0743281632,5.0,1247097600
A3U29LBT749HJ0,0743281632,5.0,1191110400
A1RMHZSWZ7ZEQO,0743281632,5.0,1174003200
A2F6N60Z96CAJI,0743281640,4.0,1217808000
AYT4FJYVCHYLE,0743281640,5.0,1215993600
A11B61QBGHLQDN,0743281640,5.0,1237766400
A2B1GZIRD6W646,0743281640,5.0,1238976000
A1K1JW1C5CUSUZ,0743281640,3.0,1218672000
A1GARI2JT6EAWA,0743281640,5.0,1255132800
AFVQZQ8PW0L,0743281640,5.0,1215043200
A680RUE1FDO8B,0743281640,3.0,1215820800
A9LAPV8XNKZVZ,0743281640,3.0,1218931200
A2RPIGO3G4M6GN,0743281640,4.0,1245369600
A30TK6U7DNS82R,0743281640,5.0,1238803200
A2F6SZLKG0TOJ7,0743281640,3.0,1227830400
A3VMCKYN22X0CO,0743281640,3.0,1218585600
A2SI6BNK5SWSMD,0743281640,4.0,1217894400
A14OJS0VWMOSWO,0743281640,5.0,1220572800
A3U29LBT749HJ0,0743281640,4.0,1243987200
A1RMHZSWZ7ZEQO,0743281640,4.0,1219795200
A1XRQ6YJ7HXQFQ,0743281640,4.0,1221955200
AYT4FJYVCHYLE,0743291476,4.0,1188518400
A2AY83K9N60V38,0743291476,5.0,1190592000
A11B61QBGHLQDN,0743291476,5.0,1188950400
A28WJUJF6D2ULA,0743291476,3.0,1199404800
A3KF4IP2MUS8QQ,0743291476,4.0,1189641600
A1MC6BFHWY6WC3,0743291476,5.0,1188172800
A1E2NA2F4RTQ9B,0743291476,5.0,1325980800
ABN5K7K1TM1QA,0743291476,4.0,1262131200
A1K1JW1C5CUSUZ,0743291476,3.0,1190419200
A1D2C0WDCSHUWZ,0743291476,4.0,1188259200
A1CHM200OEN65X,0743291476,5.0,1218412800
A2TUA4VWCMNXI,0743291476,5.0,1203638400
A1AKQ1YUS4BT82,0743291476,4.0,1191024000
A1ER5AYS3FQ9O3,0743291476,5.0,1187568000
A2F3M93RRLFQNJ,0743291476,5.0,1188086400
A281NPSIMI1C2R,0743291476,5.0,1231027200
A126KX6FVI4T66,0743291476,1.0,1187654400
A3R19YKNL641X3,0743291476,4.0,1188691200
A1D5RCOILPC9LX,0743291476,5.0,1239580800
A2F6N60Z96CAJI,0743292332,5.0,1139184000
AYT4FJYVCHYLE,0743292332,3.0,1143504000
A28WJUJF6D2ULA,0743292332,3.0,1139184000
A1HA6KZZNDCME9,0743292332,5.0,1138492800
A1GARI2JT6EAWA,0743292332,4.0,1139356800
A3PGGI7A6XCNF1,0743292332,5.0,1139356800
AIO247KHD2O40,0743292332,3.0,1140566400
A1DYMH30TSRONY,0743292332,4.0,1149811200
ABMX8XUNPR3LP,0743292332,3.0,1301702400
A9LAPV8XNKZVZ,0743292332,4.0,1138233600
A2DSXA1E02C86D,0743292332,4.0,1152489600
A1ER5AYS3FQ9O3,0743292332,4.0,1138233600
A30TK6U7DNS82R,0743292332,5.0,1139270400
A3VMCKYN22X0CO,0743292332,4.0,1140048000
A3LF914GG87TWP,0743292332,3.0,1167696000
A14BTJRH9VNLJJ,0743292332,5.0,1361404800
A2NJO6YE954DBH,0743292332,4.0,1139356800
A1L43KWWR05PCS,0743292332,4.0,1190419200
A2F3M93RRLFQNJ,0743292332,4.0,1166227200
A3U29LBT749HJ0,0743292332,3.0,1143763200
AJKWF4W7QD4NS,0743292332,4.0,1147305600
A2EDZH51XHFA9B,0743292332,4.0,1139184000
AS6SH2JM2YY3H,0743292332,4.0,1290816000
A3R19YKNL641X3,0743292332,5.0,1142726400
A2F6N60Z96CAJI,0743454529,5.0,1082246400
AYT4FJYVCHYLE,0743454529,5.0,1121126400
A1BI8PUEHA5CHW,0743454529,5.0,1084492800
A2QZVW56O4WSBT,0743454529,5.0,1308355200
A1T17LMQABMBN5,0743454529,5.0,1108944000
AC1K4OQOZ90RS,0743454529,3.0,1109721600
AFVQZQ8PW0L,0743454529,5.0,1080604800
A1DYMH30TSRONY,0743454529,4.0,1144886400
A1M8PP7MLHNBQB,0743454529,5.0,1106352000
A1IOJE0W1NXOSE,0743454529,4.0,1130544000
A1ER5AYS3FQ9O3,0743454529,4.0,1109203200
A34UTL4AVX80MK,0743454529,3.0,1123372800
A14OJS0VWMOSWO,0743454529,5.0,1255651200
A3T0OTH5072YRE,0743454529,4.0,1315958400
AX54G5AL870Q8,0743454529,5.0,1091664000
A2EDZH51XHFA9B,0743454529,1.0,1160956800
AS6SH2JM2YY3H,0743454529,5.0,1134000000
A23MAG8UKFL0QW,0743454529,5.0,1246924800
A2TX179XAT5GRP,0743454529,5.0,1200960000
A1D5RCOILPC9LX,0743454529,5.0,1232582400
A1RAUVCWYHTQI4,0743467728,2.0,1265932800
A2X29H96X7C3XJ,0743467728,4.0,1375056000
A39650P2CZUUC9,0743467728,5.0,1233964800
A2F6N60Z96CAJI,0743467728,5.0,1276041600
AYT4FJYVCHYLE,0743467728,5.0,1209513600
A3R9X003XW0LNR,0743467728,5.0,1247097600
AC1K4OQOZ90RS,0743467728,3.0,1257811200
A4R8GJX3UZ1I,0743467728,5.0,1233273600
AFVQZQ8PW0L,0743467728,5.0,1207094400
A37BRR2L8PX3R2,0743467728,4.0,1362614400
A1LKSZ9CYJ6829,0743467728,4.0,1233705600
A2E3GFHUDNPYDH,0743467728,5.0,1388534400
A22RY8N8CNDF3A,0743467728,5.0,1256515200
AOKGRSAS5VNS3,0743467728,3.0,1282003200
A3Z9QN0RCOHEY,0743467728,5.0,1221177600
A8IPQ1Q1O7YX5,0743467728,4.0,1278633600
A36TDC5SGAN0EP,0743467728,5.0,1300665600
AKPKPMWM6IIU5,0743467728,3.0,1259107200
A3H8NJ5PJNLFD5,0743496728,4.0,1175385600
A2F6N60Z96CAJI,0743496728,4.0,1180396800
AYT4FJYVCHYLE,0743496728,5.0,1174694400
A1BI8PUEHA5CHW,0743496728,4.0,1173916800
A1K1JW1C5CUSUZ,0743496728,5.0,1176422400
A2RQ0AT4XZUIXL,0743496728,3.0,1179532800
A3PGGI7A6XCNF1,0743496728,5.0,1177977600
A3M174IC0VXOS2,0743496728,4.0,1235692800
AFVQZQ8PW0L,0743496728,5.0,1173312000
A1DYMH30TSRONY,0743496728,5.0,1181347200
A1M8PP7MLHNBQB,0743496728,5.0,1173052800
A1IOJE0W1NXOSE,0743496728,5.0,1174694400
A1ER5AYS3FQ9O3,0743496728,5.0,1173398400
A3NLJZI5NEOT0K,0743496728,5.0,1230336000
A3U29LBT749HJ0,0743496728,5.0,1198886400
AS6SH2JM2YY3H,0743496728,4.0,1173484800
A1F3DFRPGVEUI8,0743496728,3.0,1191110400
A2TX179XAT5GRP,0743496728,5.0,1174089600
A1D5RCOILPC9LX,0743496728,5.0,1232064000
AYT4FJYVCHYLE,0743554434,5.0,1186963200
A1BI8PUEHA5CHW,0743554434,4.0,1207353600
A39ABKRS1MKFTW,0743554434,5.0,1180656000
A3KF4IP2MUS8QQ,0743554434,5.0,1179964800
A2NHD7LUXVGTD3,0743554434,5.0,1216944000
A1K1JW1C5CUSUZ,0743554434,5.0,1179792000
A1CHM200OEN65X,0743554434,5.0,1186617600
A3PGGI7A6XCNF1,0743554434,5.0,1183593600
A328S9RN3U5M68,0743554434,5.0,1175040000
AKB2PYODH0TKS,0743554434,5.0,1188518400
AFVQZQ8PW0L,0743554434,5.0,1180137600
AKT8TGIT6VVZ5,0743554434,5.0,1179792000
A2E3GFHUDNPYDH,0743554434,3.0,1179964800
A1IOJE0W1NXOSE,0743554434,5.0,1185148800
APTVNT7U6RZC3,0743554434,5.0,1250812800
A2MF2QVSCUI27G,0743554434,4.0,1180137600
A2I6MHMAZZDCRX,0743554434,5.0,1179964800
A370Z6I5GBWU44,0743554434,5.0,1231977600
AJKWF4W7QD4NS,0743554434,3.0,1180310400
A2O5RT4RCC4NU2,0743554434,4.0,1316563200
A1RMHZSWZ7ZEQO,0743554434,4.0,1181001600
A8IPQ1Q1O7YX5,0743554434,4.0,1180137600
A1F3DFRPGVEUI8,0743554434,4.0,1186444800
AHD101501WCN1,0743554434,5.0,1201219200
A1POFVVXUZR3IQ,0743554434,5.0,1179878400
A2CR57GAJKNWVV,0743566572,2.0,1266278400
AYT4FJYVCHYLE,0743566572,2.0,1265068800
A3U7ELIED4WP4R,0743566572,5.0,1397001600
ABMX8XUNPR3LP,0743566572,4.0,1274486400
A1KYJA5YM1479G,0743566572,4.0,1371513600
A22B13EJTZKCTM,0743566572,2.0,1236816000
A11L3YX5WIDKJ,0743566572,5.0,1373155200
A13QTZ8CIMHHG4,0743566572,5.0,1276128000
AOKGRSAS5VNS3,0743566572,4.0,1256256000
A2TBZAC0XYHLIB,0743566572,5.0,1245888000
A126YLPKFPNQDS,0743566572,4.0,1186963200
A17U562HOY2OQV,0743566572,3.0,1372636800
A24ZMNWTW8AQUR,0743566572,5.0,1179100800
A2KBF2OYR359AJ,0743566572,5.0,1288656000
AFVZXHIUSXINA,0743566572,4.0,1180656000
A2TX179XAT5GRP,0743566572,5.0,1173916800
A1D5RCOILPC9LX,0743566572,4.0,1359590400
ADEVBXUS0RSIR,0743597923,4.0,1389571200
A55MRYPUAX4QU,0743597923,2.0,1372291200
A1X8VZWTOG8IS6,0743597923,1.0,1263686400
A2F6N60Z96CAJI,0743597923,5.0,1258329600
AYT4FJYVCHYLE,0743597923,4.0,1263168000
A2MF4TISBBQT5A,0743597923,4.0,1270339200
A28WJUJF6D2ULA,0743597923,2.0,1265155200
A3BFDEBT5IV4UN,0743597923,5.0,1258243200
AFVQZQ8PW0L,0743597923,5.0,1257897600
ATK1PI2HWROER,0743597923,3.0,1333756800
AIO247KHD2O40,0743597923,4.0,1259107200
ABMX8XUNPR3LP,0743597923,5.0,1372291200
A9LAPV8XNKZVZ,0743597923,4.0,1258416000
A2TUA4VWCMNXI,0743597923,4.0,1358726400
A2TSTJP0B3A3H5,0743597923,5.0,1258934400
A1RY8R18NEO9AA,0743597923,4.0,1382832000
A30TK6U7DNS82R,0743597923,5.0,1319932800
A3VMCKYN22X0CO,0743597923,5.0,1259107200
A2NJO6YE954DBH,0743597923,4.0,1276992000
A2VG0RY3EUWZKB,0743597923,5.0,1257984000
A3Z9QN0RCOHEY,0743597923,4.0,1372118400
A3U29LBT749HJ0,0743597923,4.0,1260576000
A2EDZH51XHFA9B,0743597923,3.0,1263600000
A36TDC5SGAN0EP,0743597923,5.0,1292457600
AKPKPMWM6IIU5,0743597923,4.0,1263600000
A96K1ZGW56S2I,0743597923,2.0,1386720000
A2HM0BZWQRV1EF,0751536822,4.0,1066608000
A2F6N60Z96CAJI,0751536822,5.0,1065225600
A11B61QBGHLQDN,0751536822,4.0,1078185600
A39ABKRS1MKFTW,0751536822,5.0,1335571200
A28WJUJF6D2ULA,0751536822,3.0,1128297600
A3KF4IP2MUS8QQ,0751536822,5.0,1090972800
A1MC6BFHWY6WC3,0751536822,5.0,1110931200
A1K1JW1C5CUSUZ,0751536822,4.0,1076025600
A24505CR98NLLV,0751536822,4.0,1195344000
AC1K4OQOZ90RS,0751536822,4.0,1106611200
A1CHM200OEN65X,0751536822,5.0,1080172800
A2VE83MZF98ITY,0751536822,5.0,1107475200
AFVQZQ8PW0L,0751536822,5.0,1064534400
A3UV7L5ND3EH8T,0751536822,5.0,1102204800
A1DYMH30TSRONY,0751536822,4.0,1144281600
ABMX8XUNPR3LP,0751536822,4.0,1276992000
A1LKSZ9CYJ6829,0751536822,3.0,1172188800
A2O9HU1K7TCF7B,0751536822,5.0,1116288000
A1IOJE0W1NXOSE,0751536822,5.0,1085702400
A2NJO6YE954DBH,0751536822,5.0,1073952000
A1L43KWWR05PCS,0751536822,4.0,1212796800
A3NLJZI5NEOT0K,0751536822,5.0,1112054400
A2SI6BNK5SWSMD,0751536822,4.0,1113004800
A7LQTXGRMVD6R,0751536822,5.0,1377648000
A3T0OTH5072YRE,0751536822,5.0,1292544000
AX54G5AL870Q8,0751536822,5.0,1071705600
A1RMHZSWZ7ZEQO,0751536822,2.0,1080518400
AFVZXHIUSXINA,0751536822,5.0,1090800000
A2VKWLCNZF4ZVB,0751536822,5.0,1153872000
A2JP0URFHXP6DO,0751536822,4.0,1101859200
A1S3IN6CSTBPY6,0751536822,5.0,1209686400
A96K1ZGW56S2I,0751536822,2.0,1166572800
A3CN9CCJUNIPKT,076366040X,5.0,1385424000
A1I6U5AQAT3ZG9,076366040X,5.0,1385337600
AMX0PJKV4PPNJ,076366040X,5.0,1380585600
A2TSTJP0B3A3H5,076366040X,5.0,1378080000
A1KYJA5YM1479G,076366040X,5.0,1394409600
A22B13EJTZKCTM,076366040X,5.0,1401667200
AX9C10JD538D9,076366040X,4.0,1382227200
AOKGRSAS5VNS3,076366040X,4.0,1389744000
A25KKXUQQ0OLWB,076366040X,5.0,1382832000
AHUT55E980RDR,076366040X,5.0,1380672000
AQ6AGWKWMTY8H,076366040X,5.0,1381708800
A2SY92ZXU2FOEU,076366040X,5.0,1377302400
A19GJX6TTSK0C0,076366040X,3.0,1377302400
A11I1I9QLMAM1A,076366040X,5.0,1382227200
A303U1MOXG5R1F,076366040X,4.0,1381968000
A1S3IN6CSTBPY6,076366040X,5.0,1389484800
A27XUU2DXILHYZ,076366040X,3.0,1375747200
A1POFVVXUZR3IQ,076366040X,5.0,1381708800
A19UT0OPQCDR8,0778314472,4.0,1367280000
A18FUHNBP90IB4,0778314472,5.0,1372636800
A2H44WVZS59KKT,0778314472,5.0,1364256000
A3IQ0P3M39IY8U,0778314472,5.0,1364428800
A3R9X003XW0LNR,0778314472,4.0,1379548800
A18JHVX925K101,0778314472,4.0,1368403200
A1I6U5AQAT3ZG9,0778314472,4.0,1375056000
A2SQJPUCZNHMZE,0778314472,3.0,1390694400
A3LXRIY0HE71K,0778314472,5.0,1364256000
A3326UC548HDXO,0778314472,5.0,1364256000
AFVQZQ8PW0L,0778314472,4.0,1365292800
A37BRR2L8PX3R2,0778314472,4.0,1364256000
A320TMDV6KCFU,0778314472,5.0,1370736000
A3EPHBMU07LZ50,0778314472,3.0,1388188800
AHUT55E980RDR,0778314472,5.0,1373414400
A1E5ZR1Z4OQJG,0778314472,4.0,1391126400
A2UBDYN21RI97X,0778314472,5.0,1364256000
A26J2TRDPZH7RZ,0778314472,5.0,1371254400
A2SY92ZXU2FOEU,0778314472,4.0,1394323200
A23GRXCXQU3SM8,0778314472,4.0,1364256000
A2G09684ZOK8X2,0778314472,4.0,1364515200
A1S3IN6CSTBPY6,0778314472,5.0,1374537600
ANOBZWKE25SBY,0778314472,3.0,1391126400
A2V92F5R7MLCVI,0778314472,5.0,1380153600
A19UT0OPQCDR8,0778314529,4.0,1372550400
A2H44WVZS59KKT,0778314529,4.0,1372377600
A3IQ0P3M39IY8U,0778314529,5.0,1372550400
A3R9X003XW0LNR,0778314529,3.0,1383091200
A3BFDEBT5IV4UN,0778314529,2.0,1395014400
A1I6U5AQAT3ZG9,0778314529,5.0,1387152000
AFVQZQ8PW0L,0778314529,4.0,1372377600
A3L1Z0R3ZB2OFU,0778314529,4.0,1372118400
A37BRR2L8PX3R2,0778314529,4.0,1372809600
A2TBZAC0XYHLIB,0778314529,4.0,1373587200
AHUT55E980RDR,0778314529,5.0,1379808000
A1E5ZR1Z4OQJG,0778314529,5.0,1391558400
A2UBDYN21RI97X,0778314529,4.0,1372118400
A2SY92ZXU2FOEU,0778314529,3.0,1397260800
A23GRXCXQU3SM8,0778314529,3.0,1372118400
A2G09684ZOK8X2,0778314529,3.0,1372982400
A1S3IN6CSTBPY6,0778314529,5.0,1382486400
ANOBZWKE25SBY,0778314529,2.0,1391472000
A2V92F5R7MLCVI,0778314529,5.0,1383004800
A5JZNVV4TEAWU,0778314596,5.0,1377561600
A2H44WVZS59KKT,0778314596,4.0,1384646400
A3IQ0P3M39IY8U,0778314596,5.0,1378166400
A17BTP1QHK2I3I,0778314596,4.0,1378771200
ANSX922QNYA67,0778314596,3.0,1388966400
A3R9X003XW0LNR,0778314596,4.0,1383436800
A1I6U5AQAT3ZG9,0778314596,5.0,1386979200
A3LXRIY0HE71K,0778314596,4.0,1377561600
AFVQZQ8PW0L,0778314596,4.0,1377561600
A3L1Z0R3ZB2OFU,0778314596,4.0,1377561600
A37BRR2L8PX3R2,0778314596,4.0,1377561600
AHUT55E980RDR,0778314596,5.0,1384905600
A2UBDYN21RI97X,0778314596,5.0,1377561600
A2SY92ZXU2FOEU,0778314596,4.0,1397347200
A23GRXCXQU3SM8,0778314596,4.0,1377648000
A2G09684ZOK8X2,0778314596,4.0,1377820800
ANOBZWKE25SBY,0778314596,3.0,1391472000
A2V92F5R7MLCVI,0778314596,5.0,1384732800
A19UT0OPQCDR8,0778315568,4.0,1358294400
A3K3P9U2AB4P4R,0778315568,5.0,1389916800
A3P4BJ6GBH7KIW,0778315568,4.0,1328918400
A2AY83K9N60V38,0778315568,5.0,1311811200
A3IQ0P3M39IY8U,0778315568,3.0,1377216000
A3TGY3ANGBNK7C,0778315568,4.0,1324857600
A3R9X003XW0LNR,0778315568,4.0,1376265600
A3LXRIY0HE71K,0778315568,4.0,1313712000
A3326UC548HDXO,0778315568,5.0,1369699200
AFVQZQ8PW0L,0778315568,4.0,1369958400
A2VV2MISGXFY1O,0778315568,3.0,1369699200
A3L1Z0R3ZB2OFU,0778315568,4.0,1370304000
A2TBZAC0XYHLIB,0778315568,4.0,1373587200
AHUT55E980RDR,0778315568,2.0,1376697600
A2UBDYN21RI97X,0778315568,3.0,1361577600
A26J2TRDPZH7RZ,0778315568,4.0,1394841600
A2VXSQHJWZAQGY,0778315568,3.0,1392681600
A2SY92ZXU2FOEU,0778315568,3.0,1400716800
A23GRXCXQU3SM8,0778315568,4.0,1310083200
A2G09684ZOK8X2,0778315568,2.0,1371168000
A1UFU1Q1KSSWIY,0778315568,4.0,1323302400
ANOBZWKE25SBY,0778315568,2.0,1370390400
A1JKGTL51HHTU1,0778315568,4.0,1326412800
A3K3P9U2AB4P4R,0778315584,5.0,1391904000
A3IQ0P3M39IY8U,0778315584,4.0,1377475200
A3TGY3ANGBNK7C,0778315584,4.0,1324944000
A3R9X003XW0LNR,0778315584,3.0,1382832000
A1I6U5AQAT3ZG9,0778315584,4.0,1392163200
A3LXRIY0HE71K,0778315584,5.0,1323907200
A3326UC548HDXO,0778315584,5.0,1375833600
AFVQZQ8PW0L,0778315584,4.0,1375142400
A6XR7Y415RPD0,0778315584,4.0,1357344000
A2TBZAC0XYHLIB,0778315584,4.0,1376265600
A320TMDV6KCFU,0778315584,5.0,1326931200
AHUT55E980RDR,0778315584,2.0,1383091200
A2VXSQHJWZAQGY,0778315584,3.0,1392681600
A2SY92ZXU2FOEU,0778315584,3.0,1395532800
A23GRXCXQU3SM8,0778315584,5.0,1330473600
A2G09684ZOK8X2,0778315584,3.0,1376352000
ANOBZWKE25SBY,0778315584,4.0,1391126400
A1JKGTL51HHTU1,0778315584,5.0,1326326400
A8710RWTFG3IY,0805090037,5.0,1348531200
A2X29H96X7C3XJ,0805090037,5.0,1336953600
A2F6N60Z96CAJI,0805090037,5.0,1336953600
A1G37DFO8MQW0M,0805090037,5.0,1338249600
A1K1JW1C5CUSUZ,0805090037,5.0,1337990400
A3M174IC0VXOS2,0805090037,5.0,1340064000
A1RECBDKHVOJMW,0805090037,5.0,1395446400
A1DYMH30TSRONY,0805090037,5.0,1339977600
AKT8TGIT6VVZ5,0805090037,5.0,1340841600
AUEY946M1L939,0805090037,4.0,1379721600
A2AYSFGUP5VTY3,0805090037,5.0,1343865600
A3NLJZI5NEOT0K,0805090037,5.0,1346457600
A2MF2QVSCUI27G,0805090037,4.0,1336435200
A319KYEIAZ3SON,0805090037,5.0,1348272000
A8IPQ1Q1O7YX5,0805090037,4.0,1340236800
A20HMA36ESANHC,0805090037,4.0,1351382400
A1N1YEMTI9DJ86,0805090037,4.0,1345420800
AKPKPMWM6IIU5,0805090037,4.0,1343001600
ADEVBXUS0RSIR,095546563X,5.0,1385942400
A2H44WVZS59KKT,095546563X,4.0,1384300800
A1OB5L3WMHJAD9,095546563X,1.0,1383091200
A11B61QBGHLQDN,095546563X,4.0,1382745600
A3TI1WDAEOTD0I,095546563X,5.0,1384387200
ABN5K7K1TM1QA,095546563X,4.0,1376611200
A2SQJPUCZNHMZE,095546563X,5.0,1383609600
A328S9RN3U5M68,095546563X,5.0,1376524800
A2KWQ64TRHB3YH,095546563X,5.0,1383004800
A1E1LEVQ9VQNK,095546563X,5.0,1376524800
A3KPD3WLML2Q4E,095546563X,5.0,1373846400
A1KYJA5YM1479G,095546563X,4.0,1371513600
A370Z6I5GBWU44,095546563X,3.0,1384473600
ACEOOCYZRPWF3,095546563X,4.0,1386115200
A281NPSIMI1C2R,095546563X,3.0,1377648000
A36TDC5SGAN0EP,095546563X,4.0,1383782400
A1XJOSJN6FHFO0,095546563X,5.0,1384128000
A3R19YKNL641X3,095546563X,5.0,1377302400
A96K1ZGW56S2I,095546563X,4.0,1390953600
A8710RWTFG3IY,140004314X,5.0,1350518400
A1RAUVCWYHTQI4,140004314X,2.0,1180137600
A1MR1VMK999I6O,140004314X,5.0,1141776000
A2F3SXHT6RBV81,140004314X,3.0,1134604800
A2HM0BZWQRV1EF,140004314X,5.0,1149120000
A2F6N60Z96CAJI,140004314X,5.0,1129161600
AYT4FJYVCHYLE,140004314X,5.0,1131667200
A1BI8PUEHA5CHW,140004314X,4.0,1157241600
A2XNOB1T796Y6B,140004314X,3.0,1301097600
A1E2NA2F4RTQ9B,140004314X,5.0,1313020800
A1HA6KZZNDCME9,140004314X,3.0,1137888000
AC1K4OQOZ90RS,140004314X,5.0,1131753600
A30KEXFT9SILL6,140004314X,5.0,1155254400
A3M174IC0VXOS2,140004314X,5.0,1134691200
A328S9RN3U5M68,140004314X,5.0,1135382400
A9I40WFF40R4,140004314X,5.0,1128643200
A1LKSZ9CYJ6829,140004314X,2.0,1172534400
A1IOJE0W1NXOSE,140004314X,4.0,1186358400
A1ER5AYS3FQ9O3,140004314X,5.0,1128556800
A34UTL4AVX80MK,140004314X,5.0,1175904000
A14OJS0VWMOSWO,140004314X,5.0,1136851200
A1F3DFRPGVEUI8,140004314X,4.0,1273449600
AHD101501WCN1,140004314X,5.0,1341360000
A23MAG8UKFL0QW,140004314X,5.0,1198195200
A3R19YKNL641X3,140004314X,4.0,1137283200
A1K9IG5MP8RW75,140004314X,4.0,1141862400
A24H4WUFUDPTAA,1400106656,5.0,1209686400
A1K1JW1C5CUSUZ,1400106656,4.0,1228694400
A1GARI2JT6EAWA,1400106656,4.0,1308182400
A4R8GJX3UZ1I,1400106656,5.0,1226188800
A30KEXFT9SILL6,1400106656,4.0,1262131200
A1DYMH30TSRONY,1400106656,4.0,1319241600
A2RPIGO3G4M6GN,1400106656,2.0,1254787200
A2E3GFHUDNPYDH,1400106656,4.0,1248998400
APTVNT7U6RZC3,1400106656,5.0,1280880000
A12A08OL0TZY0W,1400106656,5.0,1236470400
A319KYEIAZ3SON,1400106656,4.0,1250985600
A3Z9QN0RCOHEY,1400106656,3.0,1237766400
A3QVAKVRAH657N,1400106656,3.0,1232496000
A8IPQ1Q1O7YX5,1400106656,4.0,1225238400
A3I8FT707XKQAJ,1400106656,3.0,1274140800
AKPKPMWM6IIU5,1400106656,2.0,1234569600
A1DLVUJFANNU1Q,1400106656,3.0,1285027200
A2HM0BZWQRV1EF,1401309658,5.0,1213228800
A2F6N60Z96CAJI,1401309658,5.0,1210636800
A1E2NA2F4RTQ9B,1401309658,4.0,1322524800
A3UW23DBF2KHWC,1401309658,5.0,1379376000
A24505CR98NLLV,1401309658,5.0,1217808000
A1GARI2JT6EAWA,1401309658,5.0,1281830400
AC1K4OQOZ90RS,1401309658,5.0,1259971200
A18OBUSMXVE8R0,1401309658,5.0,1252627200
A2O9HU1K7TCF7B,1401309658,4.0,1312070400
AKT8TGIT6VVZ5,1401309658,5.0,1208044800
A1ER5AYS3FQ9O3,1401309658,4.0,1234396800
A3Z9QN0RCOHEY,1401309658,5.0,1220832000
A186ZAYP2L4CDZ,1401309658,5.0,1216512000
A1NATT3PN24QWY,1401309658,5.0,1217203200
AHD101501WCN1,1401309658,5.0,1210377600
A2TX179XAT5GRP,1401309658,5.0,1224806400
A1S3IN6CSTBPY6,1401309658,5.0,1228348800
A1POFVVXUZR3IQ,1401309658,5.0,1208044800
A2OCDK0BOW6UCY,1416549994,3.0,1252022400
A2F6N60Z96CAJI,1416549994,5.0,1245110400
A2QZVW56O4WSBT,1416549994,5.0,1303862400
AC1K4OQOZ90RS,1416549994,4.0,1245542400
AFVQZQ8PW0L,1416549994,5.0,1244678400
A2KWQ64TRHB3YH,1416549994,5.0,1256256000
A1DYMH30TSRONY,1416549994,3.0,1297468800
A3DIGM3KB4E11V,1416549994,5.0,1244678400
A3VMCKYN22X0CO,1416549994,4.0,1247011200
A2MF2QVSCUI27G,1416549994,4.0,1244505600
A1U360OMVQRPUB,1416549994,4.0,1291507200
A3Z9QN0RCOHEY,1416549994,4.0,1248134400
AHUT55E980RDR,1416549994,4.0,1260057600
A1RMHZSWZ7ZEQO,1416549994,4.0,1246320000
A1F3DFRPGVEUI8,1416549994,3.0,1272412800
A1N1YEMTI9DJ86,1416549994,4.0,1246406400
A1XRQ6YJ7HXQFQ,1416549994,3.0,1250380800
A2MF4TISBBQT5A,1416585834,4.0,1242259200
A2B1GZIRD6W646,1416585834,5.0,1268006400
A1GARI2JT6EAWA,1416585834,4.0,1231804800
A134C9GVEU5TQE,1416585834,5.0,1231891200
AFVQZQ8PW0L,1416585834,5.0,1234569600
AIO247KHD2O40,1416585834,5.0,1239494400
A9LAPV8XNKZVZ,1416585834,3.0,1237766400
A3NPRWXTO85BJ0,1416585834,4.0,1325548800
A2I6MHMAZZDCRX,1416585834,4.0,1320192000
A2TBZAC0XYHLIB,1416585834,5.0,1235347200
A3IJHV3XZZEED5,1416585834,4.0,1354752000
A3Z9QN0RCOHEY,1416585834,4.0,1239321600
A186ZAYP2L4CDZ,1416585834,4.0,1261872000
AN8C7BGR98HLN,1416585834,5.0,1321920000
AHUT55E980RDR,1416585834,5.0,1229990400
A1RMHZSWZ7ZEQO,1416585834,4.0,1231200000
AAR8E3JF9K93P,1416585834,3.0,1234224000
A1D5RCOILPC9LX,1416585834,5.0,1260835200
A1RAUVCWYHTQI4,1416594884,2.0,1257206400
A2X29H96X7C3XJ,1416594884,5.0,1220054400
A2F6N60Z96CAJI,1416594884,5.0,1226880000
A2B1GZIRD6W646,1416594884,2.0,1330560000
A3UW23DBF2KHWC,1416594884,4.0,1403654400
A1K1JW1C5CUSUZ,1416594884,5.0,1220659200
AC1K4OQOZ90RS,1416594884,5.0,1224115200
A1CHM200OEN65X,1416594884,3.0,1224633600
A3A6GXILVT9JNW,1416594884,4.0,1224028800
A680RUE1FDO8B,1416594884,3.0,1225497600
A1LKSZ9CYJ6829,1416594884,4.0,1225238400
A2DSXA1E02C86D,1416594884,4.0,1221955200
A1RY8R18NEO9AA,1416594884,4.0,1282694400
A2AYSFGUP5VTY3,1416594884,1.0,1309132800
A2VG0RY3EUWZKB,1416594884,3.0,1224460800
A34UTL4AVX80MK,1416594884,5.0,1223683200
AKPKPMWM6IIU5,1416594884,3.0,1234569600
A1XRQ6YJ7HXQFQ,1416594884,3.0,1232841600
A2WZZFJSNLR631,1439147973,5.0,1263945600
A5JZNVV4TEAWU,1439147973,4.0,1295568000
A27R2V3WLS43LP,1439147973,4.0,1264377600
A3U7ELIED4WP4R,1439147973,5.0,1265673600
AFVQZQ8PW0L,1439147973,5.0,1264809600
A1CTXKA2C7BSC8,1439147973,4.0,1270512000
ABMX8XUNPR3LP,1439147973,4.0,1265846400
ABUY5XK1R4YYZ,1439147973,5.0,1293926400
A1KYJA5YM1479G,1439147973,5.0,1361664000
A1AKQ1YUS4BT82,1439147973,5.0,1270771200
A22B13EJTZKCTM,1439147973,5.0,1283817600
A20XM6F911RIDE,1439147973,4.0,1399939200
A6XR7Y415RPD0,1439147973,5.0,1268438400
A81S2CYRRJGHI,1439147973,5.0,1341792000
A126YLPKFPNQDS,1439147973,4.0,1269820800
A26J2TRDPZH7RZ,1439147973,5.0,1388880000
A24ZMNWTW8AQUR,1439147973,4.0,1264118400
A23GRXCXQU3SM8,1439147973,4.0,1351900800
A1K4S4MWXI9E9M,1439147973,4.0,1334188800
A2E9HDZXQORZLA,1439147973,3.0,1272067200
A3TAF7M58DN46F,1439147973,5.0,1375142400
A2F6N60Z96CAJI,1442359919,5.0,1370822400
A27R2V3WLS43LP,1442359919,5.0,1370304000
A2H44WVZS59KKT,1442359919,5.0,1370390400
A1K1JW1C5CUSUZ,1442359919,5.0,1378857600
A3PGGI7A6XCNF1,1442359919,5.0,1373241600
A391VTDTFIM6X3,1442359919,5.0,1370649600
AIO247KHD2O40,1442359919,5.0,1371340800
A1CNQTCRQ35IMM,1442359919,5.0,1370995200
ABMX8XUNPR3LP,1442359919,5.0,1385164800
A9LAPV8XNKZVZ,1442359919,5.0,1370736000
A2F6SZLKG0TOJ7,1442359919,5.0,1373846400
A14BTJRH9VNLJJ,1442359919,5.0,1390953600
A1U360OMVQRPUB,1442359919,5.0,1370304000
A3Z9QN0RCOHEY,1442359919,4.0,1376524800
A3U29LBT749HJ0,1442359919,5.0,1372636800
A1F3DFRPGVEUI8,1442359919,3.0,1374796800
AKPKPMWM6IIU5,1442359919,4.0,1372118400
A3R19YKNL641X3,1442359919,5.0,1386979200
A8710RWTFG3IY,1442362383,5.0,1391904000
A2F6N60Z96CAJI,1442362383,5.0,1380585600
A2H44WVZS59KKT,1442362383,5.0,1380499200
A28WJUJF6D2ULA,1442362383,2.0,1383955200
A3UW23DBF2KHWC,1442362383,5.0,1379980800
A1GARI2JT6EAWA,1442362383,5.0,1383350400
A3PGGI7A6XCNF1,1442362383,5.0,1401148800
A391VTDTFIM6X3,1442362383,5.0,1392163200
A1CNQTCRQ35IMM,1442362383,3.0,1380931200
A9LAPV8XNKZVZ,1442362383,5.0,1380585600
A2TSTJP0B3A3H5,1442362383,5.0,1393286400
A1RY8R18NEO9AA,1442362383,4.0,1388534400
A3VMCKYN22X0CO,1442362383,4.0,1382572800
A3KI93AT8FAXI1,1442362383,5.0,1390694400
AOKGRSAS5VNS3,1442362383,5.0,1383264000
A3Z9QN0RCOHEY,1442362383,5.0,1379980800
A186ZAYP2L4CDZ,1442362383,5.0,1385856000
A3U29LBT749HJ0,1442362383,5.0,1381449600
AKPKPMWM6IIU5,1442362383,4.0,1389571200
AISUSPFYY68RO,1442409053,4.0,1301097600
A2XNOB1T796Y6B,1442409053,3.0,1299888000
A3U7ELIED4WP4R,1442409053,3.0,1302566400
A1X4L7AO1BXMHK,1442409053,5.0,1300752000
ABMX8XUNPR3LP,1442409053,5.0,1301529600
A2TSTJP0B3A3H5,1442409053,2.0,1302998400
A22B13EJTZKCTM,1442409053,5.0,1300406400
A11L3YX5WIDKJ,1442409053,5.0,1373414400
A6XR7Y415RPD0,1442409053,3.0,1301270400
AX9C10JD538D9,1442409053,2.0,1335312000
A3T0OTH5072YRE,1442409053,4.0,1302134400
A2X6WMYTYRE130,1442409053,4.0,1302048000
ACEOOCYZRPWF3,1442409053,5.0,1300924800
A17U562HOY2OQV,1442409053,5.0,1300233600
A126KX6FVI4T66,1442409053,3.0,1299456000
A3BSM1MMD6QHIP,1442409053,5.0,1307318400
A11I1I9QLMAM1A,1442409053,4.0,1299283200
A2G09684ZOK8X2,1442409053,5.0,1306108800
AFVZXHIUSXINA,1442409053,4.0,1303862400
AJV985MKGCIQ0,147780756X,2.0,1313280000
A27R2V3WLS43LP,147780756X,3.0,1307145600
A2H44WVZS59KKT,147780756X,5.0,1381536000
A3TI1WDAEOTD0I,147780756X,5.0,1316476800
A2RQ0AT4XZUIXL,147780756X,4.0,1315094400
A1GARI2JT6EAWA,147780756X,1.0,1374019200
A3BH49ZKESHDID,147780756X,5.0,1311984000
A328S9RN3U5M68,147780756X,5.0,1314403200
A2KWQ64TRHB3YH,147780756X,5.0,1313020800
A1DYMH30TSRONY,147780756X,4.0,1314662400
A2DSXA1E02C86D,147780756X,4.0,1313107200
A25KKXUQQ0OLWB,147780756X,4.0,1383004800
A3U29LBT749HJ0,147780756X,5.0,1384473600
AHUT55E980RDR,147780756X,5.0,1377993600
A1RMHZSWZ7ZEQO,147780756X,4.0,1326758400
A3R19YKNL641X3,147780756X,4.0,1313280000
A2PD27UKAD3Q00,147780756X,5.0,1402876800
AYT4FJYVCHYLE,1594744769,2.0,1314144000
A2H44WVZS59KKT,1594744769,5.0,1309996800
A3KRBW13FWBUH,1594744769,4.0,1339027200
A3UW23DBF2KHWC,1594744769,5.0,1397779200
A2NHD7LUXVGTD3,1594744769,4.0,1330473600
A1K1JW1C5CUSUZ,1594744769,5.0,1323216000
A3O5RMXRQBWWVX,1594744769,5.0,1382918400
ABMX8XUNPR3LP,1594744769,3.0,1311724800
A2E3GFHUDNPYDH,1594744769,3.0,1312761600
A22B13EJTZKCTM,1594744769,4.0,1369008000
A3LF914GG87TWP,1594744769,5.0,1307750400
AOKGRSAS5VNS3,1594744769,4.0,1308355200
A3T0OTH5072YRE,1594744769,3.0,1361145600
ACEOOCYZRPWF3,1594744769,4.0,1312156800
A2AIE9DO5QSVBD,1594744769,5.0,1317859200
A36TDC5SGAN0EP,1594744769,5.0,1396569600
A2ZHH7AK83JB5G,1594744769,4.0,1317513600
AITIU2DG1MM4A,1594744769,4.0,1312502400
A96K1ZGW56S2I,1594744769,4.0,1331251200
A1D5RCOILPC9LX,1594744769,5.0,1343260800
